#! FIELDS rc1 external1.bias der_rc1
#! SET min_rc1 -2.6357462642636875
#! SET max_rc1 2.7324436707965774
#! SET nbins_rc1 500
#! SET periodic_rc1 false
-2.635746264263687522e+00 0.000000000000000000e+00 0.000000000000000000e+00
-2.624988368602243938e+00 0.000000000000000000e+00 0.000000000000000000e+00
-2.614230472940800798e+00 0.000000000000000000e+00 0.000000000000000000e+00
-2.603472577279357214e+00 0.000000000000000000e+00 0.000000000000000000e+00
-2.592714681617914074e+00 0.000000000000000000e+00 0.000000000000000000e+00
-2.581956785956470490e+00 0.000000000000000000e+00 0.000000000000000000e+00
-2.571198890295026906e+00 0.000000000000000000e+00 0.000000000000000000e+00
-2.560440994633583767e+00 0.000000000000000000e+00 0.000000000000000000e+00
-2.549683098972140183e+00 0.000000000000000000e+00 0.000000000000000000e+00
-2.538925203310697043e+00 0.000000000000000000e+00 0.000000000000000000e+00
-2.528167307649253459e+00 0.000000000000000000e+00 0.000000000000000000e+00
-2.517409411987809875e+00 0.000000000000000000e+00 0.000000000000000000e+00
-2.506651516326366291e+00 0.000000000000000000e+00 0.000000000000000000e+00
-2.495893620664922707e+00 0.000000000000000000e+00 0.000000000000000000e+00
-2.485135725003480012e+00 0.000000000000000000e+00 0.000000000000000000e+00
-2.474377829342036428e+00 0.000000000000000000e+00 0.000000000000000000e+00
-2.463619933680592844e+00 0.000000000000000000e+00 0.000000000000000000e+00
-2.452862038019149260e+00 0.000000000000000000e+00 0.000000000000000000e+00
-2.442104142357705676e+00 0.000000000000000000e+00 0.000000000000000000e+00
-2.431346246696262980e+00 0.000000000000000000e+00 0.000000000000000000e+00
-2.420588351034819397e+00 0.000000000000000000e+00 0.000000000000000000e+00
-2.409830455373375813e+00 0.000000000000000000e+00 0.000000000000000000e+00
-2.399072559711932229e+00 0.000000000000000000e+00 0.000000000000000000e+00
-2.388314664050488645e+00 0.000000000000000000e+00 0.000000000000000000e+00
-2.377556768389045949e+00 0.000000000000000000e+00 0.000000000000000000e+00
-2.366798872727602365e+00 0.000000000000000000e+00 0.000000000000000000e+00
-2.356040977066158781e+00 0.000000000000000000e+00 0.000000000000000000e+00
-2.345283081404715197e+00 0.000000000000000000e+00 0.000000000000000000e+00
-2.334525185743271614e+00 0.000000000000000000e+00 0.000000000000000000e+00
-2.323767290081828918e+00 0.000000000000000000e+00 0.000000000000000000e+00
-2.313009394420384890e+00 0.000000000000000000e+00 0.000000000000000000e+00
-2.302251498758941306e+00 0.000000000000000000e+00 0.000000000000000000e+00
-2.291493603097498166e+00 0.000000000000000000e+00 0.000000000000000000e+00
-2.280735707436054582e+00 0.000000000000000000e+00 0.000000000000000000e+00
-2.269977811774611443e+00 0.000000000000000000e+00 0.000000000000000000e+00
-2.259219916113167859e+00 0.000000000000000000e+00 0.000000000000000000e+00
-2.248462020451724275e+00 0.000000000000000000e+00 0.000000000000000000e+00
-2.237704124790281135e+00 0.000000000000000000e+00 0.000000000000000000e+00
-2.226946229128837551e+00 0.000000000000000000e+00 0.000000000000000000e+00
-2.216188333467394411e+00 0.000000000000000000e+00 0.000000000000000000e+00
-2.205430437805950827e+00 0.000000000000000000e+00 0.000000000000000000e+00
-2.194672542144507243e+00 0.000000000000000000e+00 0.000000000000000000e+00
-2.183914646483064104e+00 0.000000000000000000e+00 0.000000000000000000e+00
-2.173156750821620520e+00 0.000000000000000000e+00 0.000000000000000000e+00
-2.162398855160177380e+00 0.000000000000000000e+00 0.000000000000000000e+00
-2.151640959498733796e+00 0.000000000000000000e+00 0.000000000000000000e+00
-2.140883063837290212e+00 0.000000000000000000e+00 0.000000000000000000e+00
-2.130125168175847072e+00 0.000000000000000000e+00 0.000000000000000000e+00
-2.119367272514403489e+00 0.000000000000000000e+00 0.000000000000000000e+00
-2.108609376852960349e+00 0.000000000000000000e+00 0.000000000000000000e+00
-2.097851481191516321e+00 0.000000000000000000e+00 0.000000000000000000e+00
-2.087093585530072737e+00 0.000000000000000000e+00 0.000000000000000000e+00
-2.076335689868630041e+00 0.000000000000000000e+00 0.000000000000000000e+00
-2.065577794207186457e+00 0.000000000000000000e+00 0.000000000000000000e+00
-2.054819898545742873e+00 0.000000000000000000e+00 0.000000000000000000e+00
-2.044062002884299734e+00 0.000000000000000000e+00 0.000000000000000000e+00
-2.033304107222856150e+00 0.000000000000000000e+00 0.000000000000000000e+00
-2.022546211561413010e+00 0.000000000000000000e+00 0.000000000000000000e+00
-2.011788315899969426e+00 0.000000000000000000e+00 0.000000000000000000e+00
-2.001030420238526286e+00 0.000000000000000000e+00 0.000000000000000000e+00
-1.990272524577082258e+00 0.000000000000000000e+00 0.000000000000000000e+00
-1.979514628915638674e+00 0.000000000000000000e+00 0.000000000000000000e+00
-1.968756733254195757e+00 0.000000000000000000e+00 0.000000000000000000e+00
-1.957998837592752173e+00 0.000000000000000000e+00 0.000000000000000000e+00
-1.947240941931308811e+00 0.000000000000000000e+00 0.000000000000000000e+00
-1.936483046269865227e+00 0.000000000000000000e+00 0.000000000000000000e+00
-1.925725150608421643e+00 0.000000000000000000e+00 0.000000000000000000e+00
-1.914967254946978503e+00 0.000000000000000000e+00 0.000000000000000000e+00
-1.904209359285534919e+00 0.000000000000000000e+00 0.000000000000000000e+00
-1.893451463624091780e+00 0.000000000000000000e+00 0.000000000000000000e+00
-1.882693567962648196e+00 0.000000000000000000e+00 0.000000000000000000e+00
-1.871935672301204612e+00 0.000000000000000000e+00 0.000000000000000000e+00
-1.861177776639761472e+00 0.000000000000000000e+00 0.000000000000000000e+00
-1.850419880978317888e+00 0.000000000000000000e+00 0.000000000000000000e+00
-1.839661985316874748e+00 0.000000000000000000e+00 0.000000000000000000e+00
-1.828904089655431164e+00 0.000000000000000000e+00 0.000000000000000000e+00
-1.818146193993987580e+00 0.000000000000000000e+00 0.000000000000000000e+00
-1.807388298332544441e+00 0.000000000000000000e+00 0.000000000000000000e+00
-1.796630402671100857e+00 0.000000000000000000e+00 0.000000000000000000e+00
-1.785872507009657717e+00 0.000000000000000000e+00 0.000000000000000000e+00
-1.775114611348214133e+00 0.000000000000000000e+00 0.000000000000000000e+00
-1.764356715686770549e+00 0.000000000000000000e+00 0.000000000000000000e+00
-1.753598820025327409e+00 0.000000000000000000e+00 0.000000000000000000e+00
-1.742840924363883826e+00 0.000000000000000000e+00 0.000000000000000000e+00
-1.732083028702440686e+00 0.000000000000000000e+00 0.000000000000000000e+00
-1.721325133040997102e+00 0.000000000000000000e+00 0.000000000000000000e+00
-1.710567237379553518e+00 0.000000000000000000e+00 0.000000000000000000e+00
-1.699809341718110378e+00 0.000000000000000000e+00 0.000000000000000000e+00
-1.689051446056666794e+00 0.000000000000000000e+00 0.000000000000000000e+00
-1.678293550395223654e+00 0.000000000000000000e+00 0.000000000000000000e+00
-1.667535654733780071e+00 0.000000000000000000e+00 0.000000000000000000e+00
-1.656777759072336487e+00 0.000000000000000000e+00 0.000000000000000000e+00
-1.646019863410893347e+00 0.000000000000000000e+00 0.000000000000000000e+00
-1.635261967749449763e+00 0.000000000000000000e+00 0.000000000000000000e+00
-1.624504072088006623e+00 0.000000000000000000e+00 0.000000000000000000e+00
-1.613746176426563039e+00 0.000000000000000000e+00 0.000000000000000000e+00
-1.602988280765119455e+00 0.000000000000000000e+00 0.000000000000000000e+00
-1.592230385103676316e+00 0.000000000000000000e+00 0.000000000000000000e+00
-1.581472489442232732e+00 0.000000000000000000e+00 0.000000000000000000e+00
-1.570714593780789592e+00 0.000000000000000000e+00 0.000000000000000000e+00
-1.559956698119345564e+00 0.000000000000000000e+00 0.000000000000000000e+00
-1.549198802457901980e+00 0.000000000000000000e+00 0.000000000000000000e+00
-1.538440906796458840e+00 0.000000000000000000e+00 0.000000000000000000e+00
-1.527683011135015256e+00 0.000000000000000000e+00 0.000000000000000000e+00
-1.516925115473572117e+00 0.000000000000000000e+00 0.000000000000000000e+00
-1.506167219812128533e+00 0.000000000000000000e+00 0.000000000000000000e+00
-1.495409324150684949e+00 0.000000000000000000e+00 0.000000000000000000e+00
-1.484651428489241809e+00 0.000000000000000000e+00 0.000000000000000000e+00
-1.473893532827798225e+00 0.000000000000000000e+00 0.000000000000000000e+00
-1.463135637166355085e+00 0.000000000000000000e+00 0.000000000000000000e+00
-1.452377741504911501e+00 0.000000000000000000e+00 0.000000000000000000e+00
-1.441619845843467917e+00 0.000000000000000000e+00 0.000000000000000000e+00
-1.430861950182024778e+00 0.000000000000000000e+00 0.000000000000000000e+00
-1.420104054520581194e+00 0.000000000000000000e+00 0.000000000000000000e+00
-1.409346158859138054e+00 0.000000000000000000e+00 0.000000000000000000e+00
-1.398588263197694470e+00 0.000000000000000000e+00 0.000000000000000000e+00
-1.387830367536250886e+00 9.668483494352180685e+00 1.283547964639912493e+02
-1.377072471874807746e+00 1.136565332945523465e+01 1.310270647836601086e+02
-1.366314576213364163e+00 1.232115183265283065e+01 1.331120557139824996e+02
-1.355556680551921023e+00 1.297123781920157626e+01 1.348333774097168032e+02
-1.344798784890477439e+00 1.344199768957614083e+01 1.362171607153894115e+02
-1.334040889229033855e+00 1.380827508005422288e+01 4.429187449703977819e+01
-1.323282993567590715e+00 1.409575491767806454e+01 2.618580401097942456e+01
-1.312525097906147131e+00 1.432005606651270568e+01 1.477051023223291537e+01
-1.301767202244703991e+00 1.450523405853753189e+01 6.013053038609430523e+00
-1.291009306583260408e+00 1.465410002274226287e+01 -1.160091717041294768e+00
-1.280251410921816824e+00 1.443335713924117414e+01 -7.509475174024941246e+00
-1.269493515260373684e+00 1.418269480306646813e+01 -1.318746083793629786e+01
-1.258735619598930100e+00 1.391014791209927637e+01 -1.819033754598969566e+01
-1.247977723937486960e+00 1.361811579116243820e+01 -2.286691811252552498e+01
-1.237219828276043376e+00 1.331719623307979106e+01 -2.705542379989738322e+01
-1.226461932614599792e+00 1.300041357611061699e+01 -2.775253030839719415e+01
-1.215704036953156653e+00 1.267706164033916139e+01 -2.807435239716809861e+01
-1.204946141291713069e+00 1.236315853285076116e+01 -2.809663015892027715e+01
-1.194188245630269929e+00 1.204523486700433210e+01 -2.787742426896677728e+01
-1.183430349968826345e+00 1.174350575958797549e+01 -2.747332578528077107e+01
-1.172672454307382761e+00 1.144776888525335323e+01 -2.688597630918455295e+01
-1.161914558645939621e+00 1.116248526455318313e+01 -2.613129861645139940e+01
-1.151156662984496037e+00 1.088754175522097967e+01 -2.539872486875692559e+01
-1.140398767323052898e+00 1.061909157520909019e+01 -2.458591755398153111e+01
-1.129640871661608870e+00 1.036164451037085854e+01 -2.387304186796646022e+01
-1.118882976000165286e+00 1.010804829720815690e+01 -2.313461024255837728e+01
-1.108125080338722146e+00 9.865883800201103782e+00 -2.240213091811509472e+01
-1.097367184677278562e+00 9.630790212132794181e+00 -2.174205150202056913e+01
-1.086609289015835422e+00 9.400307509138499995e+00 -2.108565171130009830e+01
-1.075851393354391838e+00 9.175268824219443786e+00 -2.049236379578516321e+01
-1.065093497692948254e+00 8.958971653677323843e+00 -1.978453357835214632e+01
-1.054335602031505115e+00 8.752487394442397317e+00 -1.911078525547509344e+01
-1.043577706370061531e+00 8.548554539976308320e+00 -1.833809379327640698e+01
-1.032819810708618391e+00 8.350719164572069531e+00 -1.753190794530631180e+01
-1.022061915047174807e+00 8.157097394656886991e+00 -1.677422325949365955e+01
-1.011304019385731223e+00 7.979648817745797373e+00 -1.601543780273071249e+01
-1.000546123724288083e+00 7.809965462334574227e+00 -1.533459690569673128e+01
-9.897882280628444995e-01 7.657997215554487980e+00 -1.453648656012550688e+01
-9.790303324014013597e-01 7.514243144922140516e+00 -1.371183636987257159e+01
-9.682724367399577758e-01 7.370715387945537600e+00 -1.280275573701713654e+01
-9.575145410785141920e-01 7.236047565136182413e+00 -1.195358152975017241e+01
-9.467566454170710522e-01 7.102807459224607101e+00 -1.103734370251774344e+01
-9.359987497556274683e-01 6.984734482998256055e+00 -1.026411955159719014e+01
-9.252408540941843285e-01 6.875614114633329166e+00 -9.405611363254980262e+00
-9.144829584327407446e-01 6.779790290679123643e+00 -8.391974871237705358e+00
-9.037250627712971607e-01 6.693694988969703275e+00 -7.409612650085010799e+00
-8.929671671098540209e-01 6.622579543022808934e+00 -6.413901692002365706e+00
-8.822092714484104370e-01 6.553793943627837848e+00 -5.460244576722634413e+00
-8.714513757869672972e-01 6.502397288142304888e+00 -4.497750278348135566e+00
-8.606934801255237133e-01 6.467915487363242732e+00 -3.547565443793295081e+00
-8.499355844640801294e-01 6.438929167322925196e+00 -2.801309791369883229e+00
-8.391776888026369896e-01 6.412806607371436485e+00 -2.119831402053132141e+00
-8.284197931411934057e-01 6.397327068574810482e+00 -1.383748236489670935e+00
-8.176618974797502659e-01 6.391750832576349239e+00 -7.984175516702991526e-01
-8.069040018183065710e-01 6.398146901714426349e+00 -3.932149625148843031e-01
-7.961461061568629871e-01 6.392333004460333257e+00 3.043581936576691613e-02
-7.853882104954198473e-01 6.394530292591426246e+00 5.356250274474156914e-01
-7.746303148339762634e-01 6.404931752129222389e+00 9.041954602849547884e-01
-7.638724191725331236e-01 6.416504360990963107e+00 1.247955671934492194e+00
-7.531145235110895397e-01 6.425613831970707679e+00 1.605351962172726799e+00
-7.423566278496459558e-01 6.442203421014006892e+00 2.304940805681776173e+00
-7.315987321882028160e-01 6.470428588960814409e+00 2.931514244910655709e+00
-7.208408365267592322e-01 6.494599472767774273e+00 3.426040676370930349e+00
-7.100829408653160923e-01 6.526004601664133986e+00 3.852340627738921608e+00
-6.993250452038722864e-01 6.570848990803895617e+00 4.462374163138432159e+00
-6.885671495424287025e-01 6.640296131393611745e+00 4.960154335955047067e+00
-6.778092538809855627e-01 6.709899536359273498e+00 5.437482168088029866e+00
-6.670513582195419788e-01 6.773501633411811440e+00 5.862561940858295628e+00
-6.562934625580988390e-01 6.830935146246503109e+00 6.146699573997739030e+00
-6.455355668966552551e-01 6.905671388464341476e+00 6.371097984371527190e+00
-6.347776712352116713e-01 6.975811649122604763e+00 6.185292209059259250e+00
-6.240197755737685315e-01 7.055387247213310786e+00 5.971687901147446631e+00
-6.132618799123249476e-01 7.125287769452803843e+00 6.009694216317988058e+00
-6.025039842508818078e-01 7.187260128457197084e+00 6.046991196803435109e+00
-5.917460885894381128e-01 7.256245064450908444e+00 5.853868924398509144e+00
-5.809881929279945290e-01 7.305703413599594853e+00 5.882868843017111438e+00
-5.702302972665513892e-01 7.352327489991743903e+00 5.764001530675245455e+00
-5.594724016051078053e-01 7.420018266775102234e+00 5.927487639338577807e+00
-5.487145059436646655e-01 7.481464149855291623e+00 6.237414217024741525e+00
-5.379566102822210816e-01 7.535424499508799556e+00 6.378332319443125620e+00
-5.271987146207774977e-01 7.608684541153955649e+00 6.940058369907887048e+00
-5.164408189593343579e-01 7.675472517807349959e+00 7.404928193655746504e+00
-5.056829232978907740e-01 7.762960705037798448e+00 7.578045907101548018e+00
-4.949250276364476342e-01 7.858274641896755952e+00 8.077558967910821508e+00
-4.841671319750040503e-01 7.942419400316722999e+00 8.555931407941848477e+00
-4.734092363135604664e-01 8.052307651877555372e+00 8.606965275973262663e+00
-4.626513406521173266e-01 8.148941938870045476e+00 8.798111875863916964e+00
-4.518934449906737427e-01 8.235256538637379720e+00 8.542708951652876692e+00
-4.411355493292306029e-01 8.350439515614702657e+00 8.311062831075432200e+00
-4.303776536677870190e-01 8.455862673239849414e+00 8.114209885282841483e+00
-4.196197580063434351e-01 8.534612885159823747e+00 7.539071390292989783e+00
-4.088618623449002953e-01 8.621964213589862425e+00 7.117514737927444379e+00
-3.981039666834567115e-01 8.681976420717411713e+00 6.794953596811920349e+00
-3.873460710220135716e-01 8.752370109620855487e+00 6.004542731583291548e+00
-3.765881753605697657e-01 8.815337633525977878e+00 5.378939683321672049e+00
-3.658302796991261818e-01 8.863353085887005989e+00 4.960561612613495264e+00
-3.550723840376830420e-01 8.914636748064140193e+00 4.417402517920822724e+00
-3.443144883762394581e-01 8.966250556825904994e+00 4.404146197391793471e+00
-3.335565927147963183e-01 8.996401957625216994e+00 4.264290566434971730e+00
-3.227986970533527344e-01 9.034523392063562142e+00 4.086492532926047083e+00
-3.120408013919091506e-01 9.068264927666398023e+00 4.075772228528631302e+00
-3.012829057304660108e-01 9.097183767413760336e+00 4.040925945655915008e+00
-2.905250100690224269e-01 9.155769873410250170e+00 3.899871903682063490e+00
-2.797671144075792871e-01 9.211118039458696671e+00 4.068800303377175354e+00
-2.690092187461354811e-01 9.254958236430830709e+00 4.090948433745766444e+00
-2.582513230846918972e-01 9.301820409630202846e+00 4.209443845887416380e+00
-2.474934274232487574e-01 9.349355345054000566e+00 4.220925459711208916e+00
-2.367355317618051735e-01 9.385794707153962690e+00 3.870426680750896242e+00
-2.259776361003620337e-01 9.434119248935026292e+00 3.436446735769242977e+00
-2.152197404389184499e-01 9.474623356129384888e+00 3.124278537117660459e+00
-2.044618447774748660e-01 9.521112504534016807e+00 2.712478637453289210e+00
-1.937039491160317262e-01 9.551266524316787354e+00 2.349368298624482154e+00
-1.829460534545881423e-01 9.572146337378100611e+00 2.193363928293967202e+00
-1.721881577931450025e-01 9.580807393753829615e+00 1.763998380222789431e+00
-1.614302621317014186e-01 9.591064861626826143e+00 1.376479199459128999e+00
-1.506723664702578347e-01 9.593626031286362377e+00 9.198093431199306780e-01
-1.399144708088146949e-01 9.602097935323051558e+00 6.457555663558975922e-01
-1.291565751473711110e-01 9.621754510035572139e+00 3.683981821851446958e-01
-1.183986794859279712e-01 9.623888354148945723e+00 2.576937019350706848e-01
-1.076407838244843873e-01 9.622703552208676570e+00 3.831620902707676829e-02
-9.688288816304080342e-02 9.620064633951066924e+00 -7.201907495726030117e-02
-8.612499250159766362e-02 9.620736234373325146e+00 -3.109674682243025456e-01
-7.536709684015407973e-02 9.611778229436232834e+00 -8.030076949297983990e-01
-6.460920117871093993e-02 9.608529813334122593e+00 -1.095800163299699870e+00
-5.385130551726735604e-02 9.595186879415379622e+00 -1.300824703237091429e+00
-4.309340985582377215e-02 9.585878294346130701e+00 -1.483840126023820982e+00
-3.233551419438063235e-02 9.568644379550441670e+00 -1.766590442258054061e+00
-2.157761853293704846e-02 9.535367780061662302e+00 -1.997138308015902641e+00
-1.081972287149390866e-02 9.506003315923237551e+00 -2.467930505706439792e+00
-6.182721005032476569e-05 9.482762187896142336e+00 -2.764334148325498397e+00
1.069606845139325912e-02 9.460434661410793922e+00 -3.179005254220091281e+00
2.145396411283639893e-02 9.430688277830171273e+00 -3.456434262631074450e+00
3.221185977427998282e-02 9.396928174045157789e+00 -3.558209990181104843e+00
4.296975543572312262e-02 9.343032424533291191e+00 -3.846620187954457037e+00
5.372765109716670651e-02 9.297802696004872303e+00 -4.202410959855315653e+00
6.448554675861029040e-02 9.243884226025329554e+00 -4.643509108433840460e+00
7.524344242005343020e-02 9.196804787970208395e+00 -4.923989939887419176e+00
8.600133808149701409e-02 9.152579261902921814e+00 -5.071994909748139158e+00
9.675923374294015389e-02 9.092187929611078800e+00 -5.031167121540589982e+00
1.075171294043837378e-01 9.030671201569845152e+00 -4.962795928694371028e+00
1.182750250658273217e-01 8.960890796495860400e+00 -4.789625199432872904e+00
1.290329207272704615e-01 8.900970577717110643e+00 -4.762091019205472620e+00
1.397908163887140454e-01 8.851288253700730024e+00 -4.914423194773051229e+00
1.505487120501571852e-01 8.801784715045108953e+00 -4.633367942730253652e+00
1.613066077116009911e-01 8.763910288105570601e+00 -4.356318792589013889e+00
1.720645033730445750e-01 8.728621344496147572e+00 -4.020036083653343084e+00
1.828223990344877148e-01 8.684504004821121725e+00 -3.887715455965365496e+00
1.935802946959312987e-01 8.623890742247461105e+00 -4.077844467926332150e+00
2.043381903573744385e-01 8.593735040721398377e+00 -4.127369467842595618e+00
2.150960860188180224e-01 8.562022971183267828e+00 -4.326745730859859584e+00
2.258539816802616063e-01 8.528419509064057991e+00 -4.505078465240846874e+00
2.366118773417047461e-01 8.482734205350539014e+00 -4.863975437167765037e+00
2.473697730031483299e-01 8.412598000605278514e+00 -4.844827647142246896e+00
2.581276686645914697e-01 8.357766614132330574e+00 -5.388908695847883124e+00
2.688855643260352757e-01 8.298443496843709966e+00 -6.011350707749160804e+00
2.796434599874788596e-01 8.243969703739381316e+00 -6.551531620165890857e+00
2.904013556489219994e-01 8.161242602292375636e+00 -6.865421294783142336e+00
3.011592513103655833e-01 8.102689238991132470e+00 -6.822673174006398611e+00
3.119171469718087231e-01 8.014001865931625446e+00 -7.102068787442481046e+00
3.226750426332523070e-01 7.915328134200180443e+00 -7.428159696301675829e+00
3.334329382946958908e-01 7.823612573140138693e+00 -7.800541377135491672e+00
3.441908339561390306e-01 7.744159345739255684e+00 -7.814767408403541005e+00
3.549487296175826145e-01 7.678621939224385073e+00 -7.964213550060826208e+00
3.657066252790257543e-01 7.593733464175329573e+00 -7.863498176819747165e+00
3.764645209404693382e-01 7.499329827150177152e+00 -7.714571730194073496e+00
3.872224166019129221e-01 7.404795601359417390e+00 -7.720124626743908536e+00
3.979803122633560619e-01 7.320538078311827235e+00 -7.863752498196392438e+00
4.087382079247996458e-01 7.245907455021047383e+00 -8.144488740953919503e+00
4.194961035862427856e-01 7.168054936729845394e+00 -8.094324931730010775e+00
4.302539992476863695e-01 7.085402556738692681e+00 -8.033193958671194679e+00
4.410118949091299534e-01 6.993089620861631772e+00 -8.117218530279766142e+00
4.517697905705730932e-01 6.898185056909134971e+00 -8.109578198120967585e+00
4.625276862320166771e-01 6.802446338314538821e+00 -8.467281452337729775e+00
4.732855818934598169e-01 6.722954433521614703e+00 -8.588341813074503506e+00
4.840434775549036228e-01 6.635127202794961931e+00 -8.829322698164704164e+00
4.948013732163472067e-01 6.531553701260570222e+00 -8.992909972480449099e+00
5.055592688777903465e-01 6.448118117174814756e+00 -9.195818238669902556e+00
5.163171645392339304e-01 6.335006151017800846e+00 -9.450215042971084500e+00
5.270750602006770702e-01 6.244130085431180532e+00 -9.923347456187848081e+00
5.378329558621206541e-01 6.135553233257994066e+00 -1.027410163917176256e+01
5.485908515235642380e-01 6.025641749094646116e+00 -1.059294106910817312e+01
5.593487471850073778e-01 5.908908525577039939e+00 -1.113744023078596257e+01
5.701066428464509617e-01 5.785802064209676132e+00 -1.141423582778227441e+01
5.808645385078941015e-01 5.655411068062427660e+00 -1.213698222373052360e+01
5.916224341693379074e-01 5.529850068302209820e+00 -1.265569247026490629e+01
6.023803298307814913e-01 5.391976153567725305e+00 -1.312957691163098950e+01
6.131382254922246311e-01 5.249963917791234280e+00 -1.363868152317728821e+01
6.238961211536682150e-01 5.107074570113880441e+00 -1.413792817000887148e+01
6.346540168151113548e-01 4.938446201354317111e+00 -1.467950163651929429e+01
6.454119124765549387e-01 4.774067042073745881e+00 -1.541088246084332525e+01
6.561698081379985226e-01 4.613175564152420804e+00 -1.609322891644444908e+01
6.669277037994416624e-01 4.441673397717060823e+00 -1.698616877394904634e+01
6.776855994608852463e-01 4.264858502990307443e+00 -1.804003665163614301e+01
6.884434951223283861e-01 4.076205598385804763e+00 -1.880373841170273153e+01
6.992013907837719700e-01 3.871963412657009940e+00 -1.956276578138357536e+01
7.099592864452155538e-01 3.660683378179392378e+00 -2.072787661437338969e+01
7.207171821066586936e-01 3.422609604213107559e+00 -2.197122029224675899e+01
7.314750777681022775e-01 3.166346249844707472e+00 -2.317241369109268589e+01
7.422329734295454173e-01 2.915559642572581822e+00 -2.437643369652414904e+01
7.529908690909890012e-01 2.669525110819947145e+00 -2.531508792546286202e+01
7.637487647524325851e-01 2.383292225145403620e+00 -2.653268352282989540e+01
7.745066604138757249e-01 2.078032443131263562e+00 -2.774143119347509057e+01
7.852645560753193088e-01 1.771994415864519112e+00 -2.859978793576999223e+01
7.960224517367624486e-01 1.453814295332804818e+00 -2.710157947545480184e+01
8.067803473982060325e-01 1.148592667033057069e+00 -2.481456592284684248e+01
8.175382430596496164e-01 8.063249686123583615e-01 -2.215388864280581771e+01
8.282961387210927562e-01 4.382153814279305948e-01 -1.931634688165816272e+01
8.390540343825363401e-01 8.961090432048735011e-02 -1.647157094314825443e+01
8.498119300439794799e-01 0.000000000000000000e+00 0.000000000000000000e+00
8.605698257054230638e-01 0.000000000000000000e+00 0.000000000000000000e+00
8.713277213668666477e-01 0.000000000000000000e+00 0.000000000000000000e+00
8.820856170283097875e-01 0.000000000000000000e+00 0.000000000000000000e+00
8.928435126897533713e-01 0.000000000000000000e+00 0.000000000000000000e+00
9.036014083511965111e-01 0.000000000000000000e+00 0.000000000000000000e+00
9.143593040126400950e-01 0.000000000000000000e+00 0.000000000000000000e+00
9.251171996740836789e-01 0.000000000000000000e+00 0.000000000000000000e+00
9.358750953355268187e-01 0.000000000000000000e+00 0.000000000000000000e+00
9.466329909969704026e-01 0.000000000000000000e+00 0.000000000000000000e+00
9.573908866584135424e-01 0.000000000000000000e+00 0.000000000000000000e+00
9.681487823198571263e-01 0.000000000000000000e+00 0.000000000000000000e+00
9.789066779813007102e-01 0.000000000000000000e+00 0.000000000000000000e+00
9.896645736427438500e-01 0.000000000000000000e+00 0.000000000000000000e+00
1.000422469304187434e+00 0.000000000000000000e+00 0.000000000000000000e+00
1.011180364965630574e+00 0.000000000000000000e+00 0.000000000000000000e+00
1.021938260627074380e+00 0.000000000000000000e+00 0.000000000000000000e+00
1.032696156288517964e+00 0.000000000000000000e+00 0.000000000000000000e+00
1.043454051949961103e+00 0.000000000000000000e+00 0.000000000000000000e+00
1.054211947611404687e+00 1.468500154610765662e-01 1.294881891922783090e+01
1.064969843272847827e+00 4.130395881673507574e-01 1.528871918731071133e+01
1.075727738934291411e+00 6.632136917551463284e-01 1.739028557654206963e+01
1.086485634595734995e+00 9.281493384933838797e-01 1.941695640032427406e+01
1.097243530257178135e+00 1.162112132996853120e+00 2.137178942808722226e+01
1.108001425918621718e+00 1.393020428719765391e+00 2.202128587739837329e+01
1.118759321580064858e+00 1.644744458141957466e+00 2.121446681521418043e+01
1.129517217241508664e+00 1.870828777551430733e+00 2.075408615237847698e+01
1.140275112902952248e+00 2.088855910174842734e+00 1.993505524382820937e+01
1.151033008564395388e+00 2.299154807657018296e+00 1.896368090718107169e+01
1.161790904225838972e+00 2.515876973459775456e+00 1.811254239099166696e+01
1.172548799887282112e+00 2.695269793279628345e+00 1.664563942634941185e+01
1.183306695548725695e+00 2.895916625514104226e+00 1.547800661420944479e+01
1.194064591210169279e+00 3.072741781675517814e+00 1.409435868523086555e+01
1.204822486871612419e+00 3.202205138560465514e+00 1.211088788400686234e+01
1.215580382533056003e+00 3.341548840777370799e+00 9.166419493288580966e+00
1.226338278194499143e+00 3.435464979808713792e+00 6.003898453180598338e+00
1.237096173855942727e+00 3.535936579579392003e+00 1.817123370186738640e+00
1.247854069517386311e+00 3.605112311681551773e+00 -3.137541405216395685e+00
1.258611965178829450e+00 3.602031489892873140e+00 -7.770519278484082193e+00
1.269369860840273034e+00 3.501990818437974440e+00 -1.361734194481565119e+01
1.280127756501716174e+00 3.341162924491811737e+00 -1.982926068594089841e+01
1.290885652163159758e+00 3.091400861718497595e+00 -2.825119800446323737e+01
1.301643547824603342e+00 2.735208350967752722e+00 -3.351131508555513960e+01
1.312401443486046482e+00 2.366260782228799542e+00 -3.348267731209408282e+01
1.323159339147490066e+00 1.876609402492121603e+00 -3.255274942839609764e+01
1.333917234808933205e+00 1.302253804779567758e+00 -3.105777402607313320e+01
1.344675130470377011e+00 4.967021751514550942e-01 -2.873611121548771408e+01
1.355433026131820595e+00 0.000000000000000000e+00 0.000000000000000000e+00
1.366190921793263735e+00 0.000000000000000000e+00 0.000000000000000000e+00
1.376948817454707319e+00 0.000000000000000000e+00 0.000000000000000000e+00
1.387706713116150459e+00 0.000000000000000000e+00 0.000000000000000000e+00
1.398464608777594043e+00 0.000000000000000000e+00 0.000000000000000000e+00
1.409222504439037627e+00 0.000000000000000000e+00 0.000000000000000000e+00
1.419980400100480766e+00 0.000000000000000000e+00 0.000000000000000000e+00
1.430738295761924350e+00 0.000000000000000000e+00 0.000000000000000000e+00
1.441496191423367490e+00 0.000000000000000000e+00 0.000000000000000000e+00
1.452254087084811296e+00 0.000000000000000000e+00 0.000000000000000000e+00
1.463011982746254880e+00 0.000000000000000000e+00 0.000000000000000000e+00
1.473769878407698020e+00 0.000000000000000000e+00 0.000000000000000000e+00
1.484527774069141604e+00 0.000000000000000000e+00 0.000000000000000000e+00
1.495285669730584743e+00 0.000000000000000000e+00 0.000000000000000000e+00
1.506043565392028327e+00 0.000000000000000000e+00 0.000000000000000000e+00
1.516801461053471911e+00 0.000000000000000000e+00 0.000000000000000000e+00
1.527559356714915051e+00 0.000000000000000000e+00 0.000000000000000000e+00
1.538317252376358635e+00 0.000000000000000000e+00 0.000000000000000000e+00
1.549075148037801775e+00 0.000000000000000000e+00 0.000000000000000000e+00
1.559833043699245358e+00 0.000000000000000000e+00 0.000000000000000000e+00
1.570590939360688942e+00 0.000000000000000000e+00 0.000000000000000000e+00
1.581348835022132082e+00 0.000000000000000000e+00 0.000000000000000000e+00
1.592106730683575666e+00 0.000000000000000000e+00 0.000000000000000000e+00
1.602864626345018806e+00 0.000000000000000000e+00 0.000000000000000000e+00
1.613622522006462390e+00 0.000000000000000000e+00 0.000000000000000000e+00
1.624380417667905974e+00 0.000000000000000000e+00 0.000000000000000000e+00
1.635138313329349113e+00 0.000000000000000000e+00 0.000000000000000000e+00
1.645896208990792697e+00 0.000000000000000000e+00 0.000000000000000000e+00
1.656654104652235837e+00 0.000000000000000000e+00 0.000000000000000000e+00
1.667412000313679421e+00 0.000000000000000000e+00 0.000000000000000000e+00
1.678169895975123005e+00 0.000000000000000000e+00 0.000000000000000000e+00
1.688927791636566145e+00 0.000000000000000000e+00 0.000000000000000000e+00
1.699685687298009729e+00 0.000000000000000000e+00 0.000000000000000000e+00
1.710443582959452868e+00 0.000000000000000000e+00 0.000000000000000000e+00
1.721201478620896452e+00 0.000000000000000000e+00 0.000000000000000000e+00
1.731959374282340036e+00 0.000000000000000000e+00 0.000000000000000000e+00
1.742717269943783176e+00 0.000000000000000000e+00 0.000000000000000000e+00
1.753475165605226760e+00 0.000000000000000000e+00 0.000000000000000000e+00
1.764233061266669900e+00 0.000000000000000000e+00 0.000000000000000000e+00
1.774990956928113484e+00 0.000000000000000000e+00 0.000000000000000000e+00
1.785748852589557067e+00 0.000000000000000000e+00 0.000000000000000000e+00
1.796506748251000207e+00 0.000000000000000000e+00 0.000000000000000000e+00
1.807264643912443791e+00 0.000000000000000000e+00 0.000000000000000000e+00
1.818022539573886931e+00 0.000000000000000000e+00 0.000000000000000000e+00
1.828780435235330515e+00 0.000000000000000000e+00 0.000000000000000000e+00
1.839538330896774099e+00 0.000000000000000000e+00 0.000000000000000000e+00
1.850296226558217239e+00 0.000000000000000000e+00 0.000000000000000000e+00
1.861054122219660822e+00 0.000000000000000000e+00 0.000000000000000000e+00
1.871812017881103962e+00 0.000000000000000000e+00 0.000000000000000000e+00
1.882569913542547546e+00 0.000000000000000000e+00 0.000000000000000000e+00
1.893327809203991130e+00 0.000000000000000000e+00 0.000000000000000000e+00
1.904085704865434270e+00 0.000000000000000000e+00 0.000000000000000000e+00
1.914843600526877854e+00 0.000000000000000000e+00 0.000000000000000000e+00
1.925601496188320993e+00 0.000000000000000000e+00 0.000000000000000000e+00
1.936359391849764577e+00 0.000000000000000000e+00 0.000000000000000000e+00
1.947117287511208161e+00 0.000000000000000000e+00 0.000000000000000000e+00
1.957875183172651301e+00 0.000000000000000000e+00 0.000000000000000000e+00
1.968633078834094885e+00 0.000000000000000000e+00 0.000000000000000000e+00
1.979390974495538025e+00 0.000000000000000000e+00 0.000000000000000000e+00
1.990148870156982053e+00 0.000000000000000000e+00 0.000000000000000000e+00
2.000906765818425637e+00 0.000000000000000000e+00 0.000000000000000000e+00
2.011664661479868776e+00 0.000000000000000000e+00 0.000000000000000000e+00
2.022422557141312360e+00 0.000000000000000000e+00 0.000000000000000000e+00
2.033180452802755500e+00 0.000000000000000000e+00 0.000000000000000000e+00
2.043938348464199084e+00 0.000000000000000000e+00 0.000000000000000000e+00
2.054696244125642668e+00 0.000000000000000000e+00 0.000000000000000000e+00
2.065454139787085808e+00 0.000000000000000000e+00 0.000000000000000000e+00
2.076212035448529392e+00 0.000000000000000000e+00 0.000000000000000000e+00
2.086969931109972531e+00 0.000000000000000000e+00 0.000000000000000000e+00
2.097727826771416559e+00 0.000000000000000000e+00 0.000000000000000000e+00
2.108485722432860143e+00 0.000000000000000000e+00 0.000000000000000000e+00
2.119243618094303283e+00 0.000000000000000000e+00 0.000000000000000000e+00
2.130001513755746867e+00 0.000000000000000000e+00 0.000000000000000000e+00
2.140759409417190007e+00 0.000000000000000000e+00 0.000000000000000000e+00
2.151517305078633591e+00 0.000000000000000000e+00 0.000000000000000000e+00
2.162275200740077175e+00 0.000000000000000000e+00 0.000000000000000000e+00
2.173033096401520314e+00 0.000000000000000000e+00 0.000000000000000000e+00
2.183790992062963898e+00 0.000000000000000000e+00 0.000000000000000000e+00
2.194548887724407038e+00 0.000000000000000000e+00 0.000000000000000000e+00
2.205306783385850622e+00 0.000000000000000000e+00 0.000000000000000000e+00
2.216064679047294206e+00 0.000000000000000000e+00 0.000000000000000000e+00
2.226822574708737346e+00 0.000000000000000000e+00 0.000000000000000000e+00
2.237580470370180930e+00 0.000000000000000000e+00 0.000000000000000000e+00
2.248338366031624069e+00 0.000000000000000000e+00 0.000000000000000000e+00
2.259096261693067653e+00 0.000000000000000000e+00 0.000000000000000000e+00
2.269854157354511237e+00 0.000000000000000000e+00 0.000000000000000000e+00
2.280612053015954377e+00 0.000000000000000000e+00 0.000000000000000000e+00
2.291369948677397961e+00 0.000000000000000000e+00 0.000000000000000000e+00
2.302127844338841101e+00 0.000000000000000000e+00 0.000000000000000000e+00
2.312885740000284684e+00 0.000000000000000000e+00 0.000000000000000000e+00
2.323643635661728268e+00 0.000000000000000000e+00 0.000000000000000000e+00
2.334401531323171408e+00 0.000000000000000000e+00 0.000000000000000000e+00
2.345159426984614992e+00 0.000000000000000000e+00 0.000000000000000000e+00
2.355917322646058132e+00 0.000000000000000000e+00 0.000000000000000000e+00
2.366675218307501716e+00 0.000000000000000000e+00 0.000000000000000000e+00
2.377433113968945300e+00 0.000000000000000000e+00 0.000000000000000000e+00
2.388191009630388439e+00 0.000000000000000000e+00 0.000000000000000000e+00
2.398948905291832023e+00 0.000000000000000000e+00 0.000000000000000000e+00
2.409706800953275163e+00 0.000000000000000000e+00 0.000000000000000000e+00
2.420464696614718747e+00 0.000000000000000000e+00 0.000000000000000000e+00
2.431222592276162331e+00 0.000000000000000000e+00 0.000000000000000000e+00
2.441980487937605471e+00 0.000000000000000000e+00 0.000000000000000000e+00
2.452738383599049055e+00 0.000000000000000000e+00 0.000000000000000000e+00
2.463496279260492194e+00 0.000000000000000000e+00 0.000000000000000000e+00
2.474254174921935778e+00 0.000000000000000000e+00 0.000000000000000000e+00
2.485012070583379362e+00 0.000000000000000000e+00 0.000000000000000000e+00
2.495769966244822502e+00 0.000000000000000000e+00 0.000000000000000000e+00
2.506527861906266086e+00 0.000000000000000000e+00 0.000000000000000000e+00
2.517285757567709226e+00 0.000000000000000000e+00 0.000000000000000000e+00
2.528043653229152810e+00 0.000000000000000000e+00 0.000000000000000000e+00
2.538801548890596393e+00 0.000000000000000000e+00 0.000000000000000000e+00
2.549559444552039533e+00 0.000000000000000000e+00 0.000000000000000000e+00
2.560317340213483117e+00 0.000000000000000000e+00 0.000000000000000000e+00
2.571075235874926257e+00 0.000000000000000000e+00 0.000000000000000000e+00
2.581833131536369841e+00 0.000000000000000000e+00 0.000000000000000000e+00
2.592591027197813425e+00 0.000000000000000000e+00 0.000000000000000000e+00
2.603348922859256565e+00 0.000000000000000000e+00 0.000000000000000000e+00
2.614106818520700148e+00 0.000000000000000000e+00 0.000000000000000000e+00
2.624864714182143288e+00 0.000000000000000000e+00 0.000000000000000000e+00
2.635622609843586872e+00 0.000000000000000000e+00 0.000000000000000000e+00
2.646380505505030456e+00 0.000000000000000000e+00 0.000000000000000000e+00
2.657138401166474040e+00 0.000000000000000000e+00 0.000000000000000000e+00
2.667896296827917624e+00 0.000000000000000000e+00 0.000000000000000000e+00
2.678654192489360319e+00 0.000000000000000000e+00 0.000000000000000000e+00
2.689412088150803903e+00 0.000000000000000000e+00 0.000000000000000000e+00
2.700169983812247487e+00 0.000000000000000000e+00 0.000000000000000000e+00
2.710927879473691071e+00 0.000000000000000000e+00 0.000000000000000000e+00
2.721685775135134655e+00 0.000000000000000000e+00 0.000000000000000000e+00
2.732443670796577351e+00 0.000000000000000000e+00 0.000000000000000000e+00
