#! FIELDS rc1 external1.bias der_rc1
#! SET min_rc1 -0.7913695271880442
#! SET max_rc1 0.6889642442255456
#! SET nbins_rc1 600
#! SET periodic_rc1 false
-7.913695271880442084e-01 0.000000000000000000e+00 0.000000000000000000e+00
-7.888981853325958138e-01 0.000000000000000000e+00 0.000000000000000000e+00
-7.864268434771474192e-01 0.000000000000000000e+00 0.000000000000000000e+00
-7.839555016216990246e-01 0.000000000000000000e+00 0.000000000000000000e+00
-7.814841597662506301e-01 0.000000000000000000e+00 0.000000000000000000e+00
-7.790128179108022355e-01 0.000000000000000000e+00 0.000000000000000000e+00
-7.765414760553538409e-01 0.000000000000000000e+00 0.000000000000000000e+00
-7.740701341999054463e-01 0.000000000000000000e+00 0.000000000000000000e+00
-7.715987923444570518e-01 0.000000000000000000e+00 0.000000000000000000e+00
-7.691274504890086572e-01 0.000000000000000000e+00 0.000000000000000000e+00
-7.666561086335602626e-01 0.000000000000000000e+00 0.000000000000000000e+00
-7.641847667781118680e-01 0.000000000000000000e+00 0.000000000000000000e+00
-7.617134249226634735e-01 0.000000000000000000e+00 0.000000000000000000e+00
-7.592420830672150789e-01 0.000000000000000000e+00 0.000000000000000000e+00
-7.567707412117666843e-01 0.000000000000000000e+00 0.000000000000000000e+00
-7.542993993563182897e-01 0.000000000000000000e+00 0.000000000000000000e+00
-7.518280575008698952e-01 0.000000000000000000e+00 0.000000000000000000e+00
-7.493567156454215006e-01 0.000000000000000000e+00 0.000000000000000000e+00
-7.468853737899731060e-01 0.000000000000000000e+00 0.000000000000000000e+00
-7.444140319345247114e-01 0.000000000000000000e+00 0.000000000000000000e+00
-7.419426900790762058e-01 0.000000000000000000e+00 0.000000000000000000e+00
-7.394713482236279223e-01 0.000000000000000000e+00 0.000000000000000000e+00
-7.370000063681794167e-01 0.000000000000000000e+00 0.000000000000000000e+00
-7.345286645127311331e-01 0.000000000000000000e+00 0.000000000000000000e+00
-7.320573226572826275e-01 0.000000000000000000e+00 0.000000000000000000e+00
-7.295859808018343440e-01 0.000000000000000000e+00 0.000000000000000000e+00
-7.271146389463858384e-01 0.000000000000000000e+00 0.000000000000000000e+00
-7.246432970909375548e-01 0.000000000000000000e+00 0.000000000000000000e+00
-7.221719552354890492e-01 0.000000000000000000e+00 0.000000000000000000e+00
-7.197006133800407657e-01 0.000000000000000000e+00 0.000000000000000000e+00
-7.172292715245922601e-01 0.000000000000000000e+00 0.000000000000000000e+00
-7.147579296691438655e-01 0.000000000000000000e+00 0.000000000000000000e+00
-7.122865878136954709e-01 0.000000000000000000e+00 0.000000000000000000e+00
-7.098152459582470764e-01 0.000000000000000000e+00 0.000000000000000000e+00
-7.073439041027986818e-01 0.000000000000000000e+00 0.000000000000000000e+00
-7.048725622473502872e-01 0.000000000000000000e+00 0.000000000000000000e+00
-7.024012203919018926e-01 0.000000000000000000e+00 0.000000000000000000e+00
-6.999298785364534981e-01 0.000000000000000000e+00 0.000000000000000000e+00
-6.974585366810051035e-01 0.000000000000000000e+00 0.000000000000000000e+00
-6.949871948255567089e-01 0.000000000000000000e+00 0.000000000000000000e+00
-6.925158529701083143e-01 0.000000000000000000e+00 0.000000000000000000e+00
-6.900445111146599197e-01 0.000000000000000000e+00 0.000000000000000000e+00
-6.875731692592115252e-01 0.000000000000000000e+00 0.000000000000000000e+00
-6.851018274037631306e-01 0.000000000000000000e+00 0.000000000000000000e+00
-6.826304855483147360e-01 0.000000000000000000e+00 0.000000000000000000e+00
-6.801591436928663414e-01 0.000000000000000000e+00 0.000000000000000000e+00
-6.776878018374179469e-01 0.000000000000000000e+00 0.000000000000000000e+00
-6.752164599819695523e-01 0.000000000000000000e+00 0.000000000000000000e+00
-6.727451181265211577e-01 0.000000000000000000e+00 0.000000000000000000e+00
-6.702737762710727631e-01 0.000000000000000000e+00 0.000000000000000000e+00
-6.678024344156243686e-01 0.000000000000000000e+00 0.000000000000000000e+00
-6.653310925601759740e-01 0.000000000000000000e+00 0.000000000000000000e+00
-6.628597507047275794e-01 0.000000000000000000e+00 0.000000000000000000e+00
-6.603884088492791848e-01 0.000000000000000000e+00 0.000000000000000000e+00
-6.579170669938307903e-01 0.000000000000000000e+00 0.000000000000000000e+00
-6.554457251383823957e-01 0.000000000000000000e+00 0.000000000000000000e+00
-6.529743832829340011e-01 0.000000000000000000e+00 0.000000000000000000e+00
-6.505030414274856065e-01 0.000000000000000000e+00 0.000000000000000000e+00
-6.480316995720372120e-01 0.000000000000000000e+00 0.000000000000000000e+00
-6.455603577165888174e-01 0.000000000000000000e+00 0.000000000000000000e+00
-6.430890158611404228e-01 0.000000000000000000e+00 0.000000000000000000e+00
-6.406176740056920282e-01 0.000000000000000000e+00 0.000000000000000000e+00
-6.381463321502436337e-01 0.000000000000000000e+00 0.000000000000000000e+00
-6.356749902947952391e-01 0.000000000000000000e+00 0.000000000000000000e+00
-6.332036484393468445e-01 0.000000000000000000e+00 0.000000000000000000e+00
-6.307323065838984499e-01 0.000000000000000000e+00 0.000000000000000000e+00
-6.282609647284500554e-01 0.000000000000000000e+00 0.000000000000000000e+00
-6.257896228730016608e-01 0.000000000000000000e+00 0.000000000000000000e+00
-6.233182810175532662e-01 0.000000000000000000e+00 0.000000000000000000e+00
-6.208469391621048716e-01 0.000000000000000000e+00 0.000000000000000000e+00
-6.183755973066563660e-01 0.000000000000000000e+00 0.000000000000000000e+00
-6.159042554512079715e-01 0.000000000000000000e+00 0.000000000000000000e+00
-6.134329135957595769e-01 0.000000000000000000e+00 0.000000000000000000e+00
-6.109615717403111823e-01 0.000000000000000000e+00 0.000000000000000000e+00
-6.084902298848627877e-01 0.000000000000000000e+00 0.000000000000000000e+00
-6.060188880294143932e-01 0.000000000000000000e+00 0.000000000000000000e+00
-6.035475461739659986e-01 0.000000000000000000e+00 0.000000000000000000e+00
-6.010762043185176040e-01 0.000000000000000000e+00 0.000000000000000000e+00
-5.986048624630692094e-01 0.000000000000000000e+00 0.000000000000000000e+00
-5.961335206076208149e-01 0.000000000000000000e+00 0.000000000000000000e+00
-5.936621787521724203e-01 0.000000000000000000e+00 0.000000000000000000e+00
-5.911908368967240257e-01 0.000000000000000000e+00 0.000000000000000000e+00
-5.887194950412756311e-01 0.000000000000000000e+00 0.000000000000000000e+00
-5.862481531858272366e-01 0.000000000000000000e+00 0.000000000000000000e+00
-5.837768113303788420e-01 0.000000000000000000e+00 0.000000000000000000e+00
-5.813054694749304474e-01 0.000000000000000000e+00 0.000000000000000000e+00
-5.788341276194820528e-01 0.000000000000000000e+00 0.000000000000000000e+00
-5.763627857640336583e-01 0.000000000000000000e+00 0.000000000000000000e+00
-5.738914439085852637e-01 0.000000000000000000e+00 0.000000000000000000e+00
-5.714201020531368691e-01 0.000000000000000000e+00 0.000000000000000000e+00
-5.689487601976884745e-01 0.000000000000000000e+00 0.000000000000000000e+00
-5.664774183422400800e-01 0.000000000000000000e+00 0.000000000000000000e+00
-5.640060764867916854e-01 0.000000000000000000e+00 0.000000000000000000e+00
-5.615347346313432908e-01 0.000000000000000000e+00 0.000000000000000000e+00
-5.590633927758948962e-01 0.000000000000000000e+00 0.000000000000000000e+00
-5.565920509204465016e-01 0.000000000000000000e+00 0.000000000000000000e+00
-5.541207090649981071e-01 0.000000000000000000e+00 0.000000000000000000e+00
-5.516493672095497125e-01 0.000000000000000000e+00 0.000000000000000000e+00
-5.491780253541013179e-01 0.000000000000000000e+00 0.000000000000000000e+00
-5.467066834986529233e-01 0.000000000000000000e+00 0.000000000000000000e+00
-5.442353416432045288e-01 0.000000000000000000e+00 0.000000000000000000e+00
-5.417639997877561342e-01 0.000000000000000000e+00 0.000000000000000000e+00
-5.392926579323077396e-01 0.000000000000000000e+00 0.000000000000000000e+00
-5.368213160768593450e-01 0.000000000000000000e+00 0.000000000000000000e+00
-5.343499742214109505e-01 0.000000000000000000e+00 0.000000000000000000e+00
-5.318786323659625559e-01 0.000000000000000000e+00 0.000000000000000000e+00
-5.294072905105141613e-01 0.000000000000000000e+00 0.000000000000000000e+00
-5.269359486550657667e-01 0.000000000000000000e+00 0.000000000000000000e+00
-5.244646067996173722e-01 0.000000000000000000e+00 0.000000000000000000e+00
-5.219932649441689776e-01 0.000000000000000000e+00 0.000000000000000000e+00
-5.195219230887205830e-01 0.000000000000000000e+00 0.000000000000000000e+00
-5.170505812332720774e-01 0.000000000000000000e+00 0.000000000000000000e+00
-5.145792393778237939e-01 0.000000000000000000e+00 0.000000000000000000e+00
-5.121078975223752883e-01 0.000000000000000000e+00 0.000000000000000000e+00
-5.096365556669270047e-01 0.000000000000000000e+00 0.000000000000000000e+00
-5.071652138114784991e-01 0.000000000000000000e+00 0.000000000000000000e+00
-5.046938719560302156e-01 0.000000000000000000e+00 0.000000000000000000e+00
-5.022225301005817100e-01 0.000000000000000000e+00 0.000000000000000000e+00
-4.997511882451334264e-01 0.000000000000000000e+00 0.000000000000000000e+00
-4.972798463896849208e-01 0.000000000000000000e+00 0.000000000000000000e+00
-4.948085045342365818e-01 0.000000000000000000e+00 0.000000000000000000e+00
-4.923371626787881317e-01 0.000000000000000000e+00 0.000000000000000000e+00
-4.898658208233397926e-01 0.000000000000000000e+00 0.000000000000000000e+00
-4.873944789678913425e-01 0.000000000000000000e+00 0.000000000000000000e+00
-4.849231371124429479e-01 0.000000000000000000e+00 0.000000000000000000e+00
-4.824517952569945534e-01 0.000000000000000000e+00 0.000000000000000000e+00
-4.799804534015461588e-01 0.000000000000000000e+00 0.000000000000000000e+00
-4.775091115460977642e-01 0.000000000000000000e+00 0.000000000000000000e+00
-4.750377696906493696e-01 0.000000000000000000e+00 0.000000000000000000e+00
-4.725664278352009751e-01 0.000000000000000000e+00 0.000000000000000000e+00
-4.700950859797525805e-01 0.000000000000000000e+00 0.000000000000000000e+00
-4.676237441243041859e-01 0.000000000000000000e+00 0.000000000000000000e+00
-4.651524022688557913e-01 0.000000000000000000e+00 0.000000000000000000e+00
-4.626810604134073968e-01 0.000000000000000000e+00 0.000000000000000000e+00
-4.602097185579590022e-01 0.000000000000000000e+00 0.000000000000000000e+00
-4.577383767025106076e-01 0.000000000000000000e+00 0.000000000000000000e+00
-4.552670348470622130e-01 0.000000000000000000e+00 0.000000000000000000e+00
-4.527956929916138185e-01 0.000000000000000000e+00 0.000000000000000000e+00
-4.503243511361654239e-01 0.000000000000000000e+00 0.000000000000000000e+00
-4.478530092807170293e-01 0.000000000000000000e+00 0.000000000000000000e+00
-4.453816674252686347e-01 0.000000000000000000e+00 0.000000000000000000e+00
-4.429103255698202402e-01 0.000000000000000000e+00 0.000000000000000000e+00
-4.404389837143718456e-01 0.000000000000000000e+00 0.000000000000000000e+00
-4.379676418589234510e-01 0.000000000000000000e+00 0.000000000000000000e+00
-4.354963000034750564e-01 0.000000000000000000e+00 0.000000000000000000e+00
-4.330249581480266619e-01 0.000000000000000000e+00 0.000000000000000000e+00
-4.305536162925782673e-01 0.000000000000000000e+00 0.000000000000000000e+00
-4.280822744371298727e-01 0.000000000000000000e+00 0.000000000000000000e+00
-4.256109325816814781e-01 0.000000000000000000e+00 0.000000000000000000e+00
-4.231395907262330836e-01 0.000000000000000000e+00 0.000000000000000000e+00
-4.206682488707846335e-01 0.000000000000000000e+00 0.000000000000000000e+00
-4.181969070153362389e-01 0.000000000000000000e+00 0.000000000000000000e+00
-4.157255651598878443e-01 0.000000000000000000e+00 0.000000000000000000e+00
-4.132542233044394497e-01 0.000000000000000000e+00 0.000000000000000000e+00
-4.107828814489910552e-01 0.000000000000000000e+00 0.000000000000000000e+00
-4.083115395935426606e-01 0.000000000000000000e+00 0.000000000000000000e+00
-4.058401977380942660e-01 0.000000000000000000e+00 0.000000000000000000e+00
-4.033688558826458714e-01 0.000000000000000000e+00 0.000000000000000000e+00
-4.008975140271974769e-01 0.000000000000000000e+00 0.000000000000000000e+00
-3.984261721717490823e-01 0.000000000000000000e+00 0.000000000000000000e+00
-3.959548303163006877e-01 0.000000000000000000e+00 0.000000000000000000e+00
-3.934834884608522931e-01 0.000000000000000000e+00 0.000000000000000000e+00
-3.910121466054038986e-01 0.000000000000000000e+00 0.000000000000000000e+00
-3.885408047499555040e-01 0.000000000000000000e+00 0.000000000000000000e+00
-3.860694628945071094e-01 0.000000000000000000e+00 0.000000000000000000e+00
-3.835981210390587148e-01 0.000000000000000000e+00 0.000000000000000000e+00
-3.811267791836103203e-01 0.000000000000000000e+00 0.000000000000000000e+00
-3.786554373281619257e-01 0.000000000000000000e+00 0.000000000000000000e+00
-3.761840954727135311e-01 0.000000000000000000e+00 0.000000000000000000e+00
-3.737127536172651365e-01 0.000000000000000000e+00 0.000000000000000000e+00
-3.712414117618166864e-01 0.000000000000000000e+00 0.000000000000000000e+00
-3.687700699063682919e-01 0.000000000000000000e+00 0.000000000000000000e+00
-3.662987280509198973e-01 0.000000000000000000e+00 0.000000000000000000e+00
-3.638273861954715027e-01 0.000000000000000000e+00 0.000000000000000000e+00
-3.613560443400231081e-01 0.000000000000000000e+00 0.000000000000000000e+00
-3.588847024845747136e-01 0.000000000000000000e+00 0.000000000000000000e+00
-3.564133606291263190e-01 0.000000000000000000e+00 0.000000000000000000e+00
-3.539420187736779244e-01 0.000000000000000000e+00 0.000000000000000000e+00
-3.514706769182295298e-01 0.000000000000000000e+00 0.000000000000000000e+00
-3.489993350627811353e-01 0.000000000000000000e+00 0.000000000000000000e+00
-3.465279932073327407e-01 0.000000000000000000e+00 0.000000000000000000e+00
-3.440566513518843461e-01 0.000000000000000000e+00 0.000000000000000000e+00
-3.415853094964359515e-01 0.000000000000000000e+00 0.000000000000000000e+00
-3.391139676409875570e-01 0.000000000000000000e+00 0.000000000000000000e+00
-3.366426257855391624e-01 0.000000000000000000e+00 0.000000000000000000e+00
-3.341712839300907678e-01 0.000000000000000000e+00 0.000000000000000000e+00
-3.316999420746423732e-01 0.000000000000000000e+00 0.000000000000000000e+00
-3.292286002191939787e-01 0.000000000000000000e+00 0.000000000000000000e+00
-3.267572583637455841e-01 0.000000000000000000e+00 0.000000000000000000e+00
-3.242859165082971895e-01 0.000000000000000000e+00 0.000000000000000000e+00
-3.218145746528487949e-01 0.000000000000000000e+00 0.000000000000000000e+00
-3.193432327974004004e-01 0.000000000000000000e+00 0.000000000000000000e+00
-3.168718909419520058e-01 0.000000000000000000e+00 0.000000000000000000e+00
-3.144005490865036112e-01 0.000000000000000000e+00 0.000000000000000000e+00
-3.119292072310552166e-01 0.000000000000000000e+00 0.000000000000000000e+00
-3.094578653756068221e-01 0.000000000000000000e+00 0.000000000000000000e+00
-3.069865235201584275e-01 0.000000000000000000e+00 0.000000000000000000e+00
-3.045151816647100329e-01 0.000000000000000000e+00 0.000000000000000000e+00
-3.020438398092616383e-01 0.000000000000000000e+00 0.000000000000000000e+00
-2.995724979538132438e-01 0.000000000000000000e+00 0.000000000000000000e+00
-2.971011560983647382e-01 0.000000000000000000e+00 0.000000000000000000e+00
-2.946298142429163436e-01 0.000000000000000000e+00 0.000000000000000000e+00
-2.921584723874679490e-01 0.000000000000000000e+00 0.000000000000000000e+00
-2.896871305320195544e-01 0.000000000000000000e+00 0.000000000000000000e+00
-2.872157886765711599e-01 0.000000000000000000e+00 0.000000000000000000e+00
-2.847444468211227653e-01 0.000000000000000000e+00 0.000000000000000000e+00
-2.822731049656743707e-01 0.000000000000000000e+00 0.000000000000000000e+00
-2.798017631102259761e-01 0.000000000000000000e+00 0.000000000000000000e+00
-2.773304212547775816e-01 0.000000000000000000e+00 0.000000000000000000e+00
-2.748590793993291870e-01 4.404713438141314441e-01 1.142647162513887906e+02
-2.723877375438807924e-01 9.489981236398463693e-01 1.409812445111837462e+02
-2.699163956884323978e-01 1.494810528166581776e+00 1.650324695793241574e+02
-2.674450538329840033e-01 1.900003331838782117e+00 1.871068600487487004e+02
-2.649737119775356087e-01 2.354468081627334897e+00 2.078813835452729109e+02
-2.625023701220872141e-01 2.823871759093769640e+00 2.125404576835598789e+02
-2.600310282666388195e-01 3.484128504300787910e+00 2.149366235333598354e+02
-2.575596864111904249e-01 4.078516496157831739e+00 2.197141959728752738e+02
-2.550883445557420304e-01 4.624050147163831781e+00 2.302693376885480347e+02
-2.526170027002936358e-01 5.137459641239541241e+00 2.367139291262176357e+02
-2.501456608448452412e-01 5.693072634309530144e+00 2.400791900133565093e+02
-2.476743189893968466e-01 6.260816863707312052e+00 2.327661657228694594e+02
-2.452029771339484521e-01 6.924699415606152542e+00 2.287255640551550187e+02
-2.427316352785000575e-01 7.590745854399674641e+00 2.263845551830293061e+02
-2.402602934230516629e-01 8.204478489800003160e+00 2.238367668965859139e+02
-2.377889515676032683e-01 8.757049268115334684e+00 2.217601420556297285e+02
-2.353176097121548738e-01 9.236576183132427786e+00 2.169940618332977351e+02
-2.328462678567064792e-01 9.731107094763306264e+00 2.097600336783162049e+02
-2.303749260012580846e-01 1.021878641367271001e+01 2.059417053644937710e+02
-2.279035841458096900e-01 1.066923134943732521e+01 2.094175978850074387e+02
-2.254322422903612955e-01 1.117352384363212536e+01 2.092845876906928027e+02
-2.229609004349129009e-01 1.162348193763117621e+01 2.123262616823679139e+02
-2.204895585794645063e-01 1.210858692390102931e+01 2.149373227374953785e+02
-2.180182167240161117e-01 1.268026941689662834e+01 2.135913475022310877e+02
-2.155468748685677172e-01 1.337990323900680067e+01 2.126087540974720866e+02
-2.130755330131193226e-01 1.392918688071802080e+01 2.117863943006271370e+02
-2.106041911576709280e-01 1.448388395819767993e+01 2.136845524793877473e+02
-2.081328493022225334e-01 1.504294311455522859e+01 2.116046510563735694e+02
-2.056615074467741389e-01 1.549735878411156875e+01 2.073539061468348734e+02
-2.031901655913257443e-01 1.592352047779550617e+01 1.955509605040350323e+02
-2.007188237358773497e-01 1.640748965012849681e+01 1.916434954912752744e+02
-1.982474818804289551e-01 1.690435772168187611e+01 1.894589347460191391e+02
-1.957761400249805606e-01 1.733806123353272000e+01 1.861795090272246966e+02
-1.933047981695321660e-01 1.780469328841053311e+01 1.879885357066663971e+02
-1.908334563140837714e-01 1.821263597467437734e+01 1.885618660311828592e+02
-1.883621144586353768e-01 1.866535279803827052e+01 1.867699923687943340e+02
-1.858907726031869823e-01 1.916606191146270532e+01 1.836560949436667158e+02
-1.834194307477385877e-01 1.964407524741335465e+01 1.822882427531541225e+02
-1.809480888922901931e-01 2.014319815047497286e+01 1.796080969028547543e+02
-1.784767470368417985e-01 2.058352879643866373e+01 1.774725848977550982e+02
-1.760054051813934040e-01 2.102321464495629044e+01 1.749522792833212179e+02
-1.735340633259449539e-01 2.144312766610674714e+01 1.682710556292312560e+02
-1.710627214704965593e-01 2.184302687425278577e+01 1.626839267231015640e+02
-1.685913796150481647e-01 2.224342336294509437e+01 1.556050306183730640e+02
-1.661200377595997701e-01 2.259859024719878562e+01 1.517838130317168179e+02
-1.636486959041513756e-01 2.298902170302795156e+01 1.471516882169799203e+02
-1.611773540487029810e-01 2.332461493983274892e+01 1.436534513029954780e+02
-1.587060121932545864e-01 2.366455122060835947e+01 1.398330645050876910e+02
-1.562346703378061918e-01 2.398873040133010903e+01 1.356584324767412113e+02
-1.537633284823577973e-01 2.433462569768700945e+01 1.330917812903023218e+02
-1.512919866269094027e-01 2.465983590686143145e+01 1.278937788821574202e+02
-1.488206447714609526e-01 2.499329553495385881e+01 1.255500958371465572e+02
-1.463493029160125580e-01 2.529877992512317064e+01 1.223635853752425504e+02
-1.438779610605641635e-01 2.559600698518799788e+01 1.196106722007407512e+02
-1.414066192051157689e-01 2.588774314438786206e+01 1.153364342391166559e+02
-1.389352773496673743e-01 2.614971419105733474e+01 1.120777868691784960e+02
-1.364639354942189797e-01 2.642738700781172412e+01 1.078566921334654154e+02
-1.339925936387705852e-01 2.668857372181405907e+01 1.047135146363116860e+02
-1.315212517833221906e-01 2.694471900701019251e+01 1.014328783059495862e+02
-1.290499099278737960e-01 2.718498327162001971e+01 9.800011143006308600e+01
-1.265785680724254014e-01 2.742966116441968438e+01 9.576394200928005773e+01
-1.241072262169770068e-01 2.765880311155029858e+01 9.198820027507635189e+01
-1.216358843615286123e-01 2.788660884064142209e+01 8.871451368409775284e+01
-1.191645425060802177e-01 2.810276016194897153e+01 8.502286845815437744e+01
-1.166932006506318231e-01 2.830966091654507721e+01 8.192566781650701557e+01
-1.142218587951834285e-01 2.851636857236000111e+01 7.788829790137077680e+01
-1.117505169397350340e-01 2.870072990328338847e+01 7.404272831203616079e+01
-1.092791750842866394e-01 2.888101263034666744e+01 6.991007185802492074e+01
-1.068078332288382448e-01 2.904592474191939289e+01 6.616256681211035584e+01
-1.043364913733898502e-01 2.920964659072497227e+01 6.261658223329889239e+01
-1.018651495179414557e-01 2.935454727095260097e+01 5.878813516144868601e+01
-9.939380766249306109e-02 2.948865204724158673e+01 5.572735286631713336e+01
-9.692246580704466652e-02 2.961432570764284122e+01 5.255671361135668462e+01
-9.445112395159627194e-02 2.973786336821566323e+01 4.968009622640001766e+01
-9.197978209614787737e-02 2.985713072172785587e+01 4.608871929958929314e+01
-8.950844024069948279e-02 2.996922436264244993e+01 4.309635867641709694e+01
-8.703709838525108822e-02 3.007794329960209723e+01 4.012095096637973768e+01
-8.456575652980269364e-02 3.017986869167226871e+01 3.695059754991395806e+01
-8.209441467435429907e-02 3.027368975378945493e+01 3.356113059147870104e+01
-7.962307281890590449e-02 3.034865640141583754e+01 2.988896568379561458e+01
-7.715173096345750992e-02 3.041960562109705535e+01 2.578745054801970937e+01
-7.468038910800905983e-02 3.048017790127766347e+01 2.150256073794416523e+01
-7.220904725256066525e-02 3.052750129073216101e+01 1.691484977522457456e+01
-6.973770539711227068e-02 3.056727363568456468e+01 1.251439418551038152e+01
-6.726636354166387610e-02 3.059578924083211149e+01 8.536585598404627717e+00
-6.479502168621548153e-02 3.060652042148871743e+01 4.403610921369046416e+00
-6.232367983076708695e-02 3.060934508311212454e+01 3.833089086447270533e-01
-5.985233797531869238e-02 3.059789245395360524e+01 -3.222428669283123437e+00
-5.738099611987029780e-02 3.058296321525177319e+01 -7.350342381750929022e+00
-5.490965426442190322e-02 3.055962461433539801e+01 -1.152104193456372982e+01
-5.243831240897350865e-02 3.052843390094794529e+01 -1.484645135543089900e+01
-4.996697055352505856e-02 3.048965077477266306e+01 -1.854260289944266660e+01
-4.749562869807666399e-02 3.044786406226619135e+01 -2.169659419989600124e+01
-4.502428684262826941e-02 3.038562154788559866e+01 -2.519779554509126740e+01
-4.255294498717987484e-02 3.031106490931946951e+01 -2.848377157131091764e+01
-4.008160313173148026e-02 3.023961385509316813e+01 -3.211134494583029664e+01
-3.761026127628308569e-02 3.015109397656861034e+01 -3.552717118524430617e+01
-3.513891942083469111e-02 3.006169544028479379e+01 -3.921715665557222508e+01
-3.266757756538629653e-02 2.996023954729562888e+01 -4.222457390293527624e+01
-3.019623570993790196e-02 2.985569324548327330e+01 -4.476027846639815522e+01
-2.772489385448950738e-02 2.973485279295422856e+01 -4.822825421388442635e+01
-2.525355199904111281e-02 2.961165292321491194e+01 -5.110739481427378905e+01
-2.278221014359271823e-02 2.947867405532026908e+01 -5.473703984091376640e+01
-2.031086828814432366e-02 2.934210797973761231e+01 -5.815001557211925842e+01
-1.783952643269592908e-02 2.920488541296412421e+01 -6.197756140716228401e+01
-1.536818457724753451e-02 2.904772882255338828e+01 -6.512454867394039582e+01
-1.289684272179913993e-02 2.888805553729419984e+01 -6.880749394175785483e+01
-1.042550086635074535e-02 2.870895606426282143e+01 -7.273872853801435667e+01
-7.954159010902350779e-03 2.852315387351207931e+01 -7.628390226441362643e+01
-5.482817155453956204e-03 2.832401582944184071e+01 -8.028616487991881456e+01
-3.011475300005561628e-03 2.812540256340328426e+01 -8.364810655979351850e+01
-5.401334445571670528e-04 2.791118452574713160e+01 -8.677887273558421555e+01
1.931208410891227523e-03 2.768105141183934137e+01 -8.958009703010156954e+01
4.402550266339622098e-03 2.745687197410781266e+01 -9.264437104020014146e+01
6.873892121788016674e-03 2.722073981615237415e+01 -9.518622886003485917e+01
9.345233977236411249e-03 2.698049815385113703e+01 -9.833988796812721489e+01
1.181657583268480582e-02 2.674345293369341903e+01 -1.017686307073507948e+02
1.428791768813320040e-02 2.649512563220664418e+01 -1.042962227631240069e+02
1.675925954358159498e-02 2.623359475527870188e+01 -1.078495478628717308e+02
1.923060139902998955e-02 2.597163871500089982e+01 -1.116995408505503207e+02
2.170194325447838413e-02 2.569508775144588952e+01 -1.160908121100947881e+02
2.417328510992677870e-02 2.539613375935966388e+01 -1.211842321715214581e+02
2.664462696537517328e-02 2.510353520504255442e+01 -1.251261316250169671e+02
2.911596882082356785e-02 2.479154095686081405e+01 -1.299521119136335301e+02
3.158731067627196243e-02 2.446026231076904622e+01 -1.349144931862551005e+02
3.405865253172035700e-02 2.411149732384441080e+01 -1.394463064480644050e+02
3.652999438716875158e-02 2.374857628183484337e+01 -1.413243646977496724e+02
3.900133624261714615e-02 2.340283116925414220e+01 -1.440001145394043078e+02
4.147267809806554073e-02 2.302203382151793676e+01 -1.479168047188180992e+02
4.394401995351393531e-02 2.263744037582291213e+01 -1.501163844289976055e+02
4.641536180896232988e-02 2.224889281431804022e+01 -1.505515379963788689e+02
4.888670366441077997e-02 2.190352558263764138e+01 -1.517927407380469731e+02
5.135804551985917454e-02 2.154480010253663380e+01 -1.539548554117253332e+02
5.382938737530756912e-02 2.113601105060279650e+01 -1.541807905620035797e+02
5.630072923075596369e-02 2.075037327048941904e+01 -1.548684634072184281e+02
5.877207108620435827e-02 2.039085415131861367e+01 -1.558248833227266630e+02
6.124341294165275285e-02 1.999725874644322232e+01 -1.603387088527024957e+02
6.371475479710114742e-02 1.959808038896912308e+01 -1.642780029713995305e+02
6.618609665254954200e-02 1.921169941129791425e+01 -1.653805175101154816e+02
6.865743850799793657e-02 1.881011121875054215e+01 -1.691839480773356570e+02
7.112878036344633115e-02 1.839792725155987796e+01 -1.745419421440688836e+02
7.360012221889478123e-02 1.794100796027527167e+01 -1.793085342504761002e+02
7.607146407434317581e-02 1.748492905580967260e+01 -1.867358202850465432e+02
7.854280592979157039e-02 1.704889310061815166e+01 -1.975915547413378022e+02
8.101414778523996496e-02 1.656925954895413611e+01 -2.045946466900292933e+02
8.348548964068835954e-02 1.607732607979971107e+01 -2.116435366406039407e+02
8.595683149613675411e-02 1.556593188912019343e+01 -2.146272718483450319e+02
8.842817335158514869e-02 1.498319990314986683e+01 -2.178750427282794533e+02
9.089951520703354326e-02 1.432853661614400664e+01 -2.247612774598928240e+02
9.337085706248193784e-02 1.375387808109307741e+01 -2.283232292834524060e+02
9.584219891793033241e-02 1.316749194620936692e+01 -2.284469706245652674e+02
9.831354077337872699e-02 1.263683435788010456e+01 -2.294398345259390624e+02
1.007848826288271216e-01 1.210049193228962849e+01 -2.315538634952881694e+02
1.032562244842755161e-01 1.149427357591132193e+01 -2.277967167712470768e+02
1.057275663397239107e-01 1.092661201796077819e+01 -2.302806084515967200e+02
1.081989081951723053e-01 1.043162047725093089e+01 -2.303494117339047023e+02
1.106702500506206999e-01 9.895689225409121548e+00 -2.281528294030501343e+02
1.131415919060690944e-01 9.260712356682969215e+00 -2.246739981734905598e+02
1.156129337615174890e-01 8.698901009238944937e+00 -2.210750668938125898e+02
1.180842756169658836e-01 8.062857019447534412e+00 -2.116199510896888967e+02
1.205556174724142782e-01 7.474770520250224592e+00 -2.060316480256136913e+02
1.230269593278626727e-01 6.998397990452762230e+00 -1.927082579407190508e+02
1.254983011833110673e-01 6.548029377118801619e+00 -1.772945991002095809e+02
1.279696430387594619e-01 6.030752915803994085e+00 -1.648244968493104068e+02
1.304409848942078565e-01 5.696759592201868116e+00 -1.484540344334926942e+02
1.329123267496562510e-01 5.339874124123831223e+00 -1.324004811185390622e+02
1.353836686051046456e-01 5.133209388014677188e+00 -1.324932425980774156e+02
1.378550104605530402e-01 4.879156721670060648e+00 -1.360452658868860851e+02
1.403263523160014348e-01 4.625524230569720174e+00 -1.358915353401268646e+02
1.427976941714498293e-01 4.394050330390864900e+00 -1.615910674535398641e+02
1.452690360268982239e-01 4.202702013552720217e+00 -1.863960313176067132e+02
1.477403778823466740e-01 3.724037030485689570e+00 -2.077094019321524172e+02
1.502117197377950686e-01 3.185885778900125587e+00 -1.974294535800244148e+02
1.526830615932434632e-01 2.672408524931991991e+00 -1.871665071349110292e+02
1.551544034486918577e-01 1.703291907556696572e+00 -1.778001825487478413e+02
1.576257453041402523e-01 7.333909852771185456e-01 -1.700574934336711408e+02
1.600970871595886469e-01 0.000000000000000000e+00 0.000000000000000000e+00
1.625684290150370415e-01 0.000000000000000000e+00 0.000000000000000000e+00
1.650397708704854360e-01 0.000000000000000000e+00 0.000000000000000000e+00
1.675111127259338306e-01 0.000000000000000000e+00 0.000000000000000000e+00
1.699824545813822252e-01 0.000000000000000000e+00 0.000000000000000000e+00
1.724537964368306753e-01 0.000000000000000000e+00 0.000000000000000000e+00
1.749251382922790699e-01 0.000000000000000000e+00 0.000000000000000000e+00
1.773964801477274644e-01 0.000000000000000000e+00 0.000000000000000000e+00
1.798678220031758590e-01 0.000000000000000000e+00 0.000000000000000000e+00
1.823391638586242536e-01 0.000000000000000000e+00 0.000000000000000000e+00
1.848105057140726482e-01 0.000000000000000000e+00 0.000000000000000000e+00
1.872818475695210427e-01 0.000000000000000000e+00 0.000000000000000000e+00
1.897531894249694373e-01 0.000000000000000000e+00 0.000000000000000000e+00
1.922245312804178319e-01 0.000000000000000000e+00 0.000000000000000000e+00
1.946958731358662265e-01 0.000000000000000000e+00 0.000000000000000000e+00
1.971672149913145655e-01 0.000000000000000000e+00 0.000000000000000000e+00
1.996385568467629601e-01 0.000000000000000000e+00 0.000000000000000000e+00
2.021098987022113547e-01 0.000000000000000000e+00 0.000000000000000000e+00
2.045812405576597492e-01 0.000000000000000000e+00 0.000000000000000000e+00
2.070525824131081438e-01 0.000000000000000000e+00 0.000000000000000000e+00
2.095239242685565384e-01 0.000000000000000000e+00 0.000000000000000000e+00
2.119952661240049330e-01 0.000000000000000000e+00 0.000000000000000000e+00
2.144666079794533275e-01 0.000000000000000000e+00 0.000000000000000000e+00
2.169379498349017221e-01 0.000000000000000000e+00 0.000000000000000000e+00
2.194092916903501167e-01 0.000000000000000000e+00 0.000000000000000000e+00
2.218806335457985668e-01 0.000000000000000000e+00 0.000000000000000000e+00
2.243519754012469614e-01 0.000000000000000000e+00 0.000000000000000000e+00
2.268233172566953559e-01 0.000000000000000000e+00 0.000000000000000000e+00
2.292946591121437505e-01 0.000000000000000000e+00 0.000000000000000000e+00
2.317660009675921451e-01 0.000000000000000000e+00 0.000000000000000000e+00
2.342373428230405397e-01 0.000000000000000000e+00 0.000000000000000000e+00
2.367086846784889342e-01 0.000000000000000000e+00 0.000000000000000000e+00
2.391800265339373288e-01 0.000000000000000000e+00 0.000000000000000000e+00
2.416513683893857234e-01 0.000000000000000000e+00 0.000000000000000000e+00
2.441227102448341180e-01 0.000000000000000000e+00 0.000000000000000000e+00
2.465940521002826236e-01 0.000000000000000000e+00 0.000000000000000000e+00
2.490653939557310181e-01 0.000000000000000000e+00 0.000000000000000000e+00
2.515367358111794127e-01 0.000000000000000000e+00 0.000000000000000000e+00
2.540080776666278073e-01 0.000000000000000000e+00 0.000000000000000000e+00
2.564794195220762019e-01 0.000000000000000000e+00 0.000000000000000000e+00
2.589507613775245964e-01 0.000000000000000000e+00 0.000000000000000000e+00
2.614221032329729910e-01 0.000000000000000000e+00 0.000000000000000000e+00
2.638934450884213856e-01 0.000000000000000000e+00 0.000000000000000000e+00
2.663647869438697802e-01 0.000000000000000000e+00 0.000000000000000000e+00
2.688361287993181747e-01 0.000000000000000000e+00 0.000000000000000000e+00
2.713074706547665693e-01 0.000000000000000000e+00 0.000000000000000000e+00
2.737788125102149639e-01 0.000000000000000000e+00 0.000000000000000000e+00
2.762501543656633585e-01 0.000000000000000000e+00 0.000000000000000000e+00
2.787214962211117530e-01 0.000000000000000000e+00 0.000000000000000000e+00
2.811928380765601476e-01 0.000000000000000000e+00 0.000000000000000000e+00
2.836641799320085422e-01 0.000000000000000000e+00 0.000000000000000000e+00
2.861355217874569368e-01 0.000000000000000000e+00 0.000000000000000000e+00
2.886068636429053313e-01 0.000000000000000000e+00 0.000000000000000000e+00
2.910782054983537259e-01 0.000000000000000000e+00 0.000000000000000000e+00
2.935495473538021205e-01 0.000000000000000000e+00 0.000000000000000000e+00
2.960208892092505151e-01 0.000000000000000000e+00 0.000000000000000000e+00
2.984922310646989096e-01 0.000000000000000000e+00 0.000000000000000000e+00
3.009635729201473042e-01 0.000000000000000000e+00 0.000000000000000000e+00
3.034349147755956988e-01 0.000000000000000000e+00 0.000000000000000000e+00
3.059062566310440934e-01 0.000000000000000000e+00 0.000000000000000000e+00
3.083775984864924880e-01 0.000000000000000000e+00 0.000000000000000000e+00
3.108489403419408825e-01 0.000000000000000000e+00 0.000000000000000000e+00
3.133202821973892771e-01 0.000000000000000000e+00 0.000000000000000000e+00
3.157916240528376717e-01 0.000000000000000000e+00 0.000000000000000000e+00
3.182629659082860663e-01 0.000000000000000000e+00 0.000000000000000000e+00
3.207343077637344608e-01 0.000000000000000000e+00 0.000000000000000000e+00
3.232056496191828554e-01 0.000000000000000000e+00 0.000000000000000000e+00
3.256769914746312500e-01 0.000000000000000000e+00 0.000000000000000000e+00
3.281483333300796446e-01 0.000000000000000000e+00 0.000000000000000000e+00
3.306196751855280391e-01 0.000000000000000000e+00 0.000000000000000000e+00
3.330910170409764337e-01 0.000000000000000000e+00 0.000000000000000000e+00
3.355623588964248283e-01 0.000000000000000000e+00 0.000000000000000000e+00
3.380337007518732229e-01 0.000000000000000000e+00 0.000000000000000000e+00
3.405050426073216174e-01 0.000000000000000000e+00 0.000000000000000000e+00
3.429763844627700120e-01 0.000000000000000000e+00 0.000000000000000000e+00
3.454477263182184066e-01 0.000000000000000000e+00 0.000000000000000000e+00
3.479190681736668012e-01 0.000000000000000000e+00 0.000000000000000000e+00
3.503904100291151957e-01 0.000000000000000000e+00 0.000000000000000000e+00
3.528617518845635903e-01 0.000000000000000000e+00 0.000000000000000000e+00
3.553330937400119849e-01 0.000000000000000000e+00 0.000000000000000000e+00
3.578044355954603795e-01 0.000000000000000000e+00 0.000000000000000000e+00
3.602757774509087740e-01 0.000000000000000000e+00 0.000000000000000000e+00
3.627471193063571686e-01 0.000000000000000000e+00 0.000000000000000000e+00
3.652184611618055632e-01 0.000000000000000000e+00 0.000000000000000000e+00
3.676898030172539578e-01 0.000000000000000000e+00 0.000000000000000000e+00
3.701611448727023523e-01 0.000000000000000000e+00 0.000000000000000000e+00
3.726324867281507469e-01 0.000000000000000000e+00 0.000000000000000000e+00
3.751038285835991415e-01 0.000000000000000000e+00 0.000000000000000000e+00
3.775751704390475361e-01 0.000000000000000000e+00 0.000000000000000000e+00
3.800465122944959306e-01 0.000000000000000000e+00 0.000000000000000000e+00
3.825178541499443252e-01 0.000000000000000000e+00 0.000000000000000000e+00
3.849891960053927198e-01 0.000000000000000000e+00 0.000000000000000000e+00
3.874605378608411144e-01 0.000000000000000000e+00 0.000000000000000000e+00
3.899318797162895089e-01 0.000000000000000000e+00 0.000000000000000000e+00
3.924032215717379035e-01 0.000000000000000000e+00 0.000000000000000000e+00
3.948745634271862981e-01 0.000000000000000000e+00 0.000000000000000000e+00
3.973459052826346927e-01 0.000000000000000000e+00 0.000000000000000000e+00
3.998172471380830872e-01 0.000000000000000000e+00 0.000000000000000000e+00
4.022885889935314818e-01 0.000000000000000000e+00 0.000000000000000000e+00
4.047599308489798764e-01 0.000000000000000000e+00 0.000000000000000000e+00
4.072312727044282710e-01 0.000000000000000000e+00 0.000000000000000000e+00
4.097026145598766655e-01 0.000000000000000000e+00 0.000000000000000000e+00
4.121739564153250601e-01 0.000000000000000000e+00 0.000000000000000000e+00
4.146452982707734547e-01 0.000000000000000000e+00 0.000000000000000000e+00
4.171166401262218493e-01 0.000000000000000000e+00 0.000000000000000000e+00
4.195879819816702438e-01 0.000000000000000000e+00 0.000000000000000000e+00
4.220593238371186384e-01 0.000000000000000000e+00 0.000000000000000000e+00
4.245306656925670330e-01 0.000000000000000000e+00 0.000000000000000000e+00
4.270020075480154276e-01 0.000000000000000000e+00 0.000000000000000000e+00
4.294733494034638221e-01 0.000000000000000000e+00 0.000000000000000000e+00
4.319446912589122167e-01 0.000000000000000000e+00 0.000000000000000000e+00
4.344160331143606113e-01 0.000000000000000000e+00 0.000000000000000000e+00
4.368873749698090059e-01 0.000000000000000000e+00 0.000000000000000000e+00
4.393587168252574005e-01 0.000000000000000000e+00 0.000000000000000000e+00
4.418300586807057950e-01 0.000000000000000000e+00 0.000000000000000000e+00
4.443014005361543006e-01 0.000000000000000000e+00 0.000000000000000000e+00
4.467727423916026952e-01 0.000000000000000000e+00 0.000000000000000000e+00
4.492440842470510898e-01 0.000000000000000000e+00 0.000000000000000000e+00
4.517154261024994844e-01 0.000000000000000000e+00 0.000000000000000000e+00
4.541867679579478789e-01 0.000000000000000000e+00 0.000000000000000000e+00
4.566581098133962735e-01 0.000000000000000000e+00 0.000000000000000000e+00
4.591294516688446681e-01 0.000000000000000000e+00 0.000000000000000000e+00
4.616007935242930627e-01 0.000000000000000000e+00 0.000000000000000000e+00
4.640721353797414572e-01 0.000000000000000000e+00 0.000000000000000000e+00
4.665434772351898518e-01 0.000000000000000000e+00 0.000000000000000000e+00
4.690148190906383574e-01 0.000000000000000000e+00 0.000000000000000000e+00
4.714861609460867520e-01 0.000000000000000000e+00 0.000000000000000000e+00
4.739575028015351466e-01 0.000000000000000000e+00 0.000000000000000000e+00
4.764288446569835411e-01 0.000000000000000000e+00 0.000000000000000000e+00
4.789001865124319357e-01 0.000000000000000000e+00 0.000000000000000000e+00
4.813715283678803303e-01 0.000000000000000000e+00 0.000000000000000000e+00
4.838428702233287249e-01 0.000000000000000000e+00 0.000000000000000000e+00
4.863142120787771194e-01 0.000000000000000000e+00 0.000000000000000000e+00
4.887855539342255140e-01 0.000000000000000000e+00 0.000000000000000000e+00
4.912568957896739086e-01 0.000000000000000000e+00 0.000000000000000000e+00
4.937282376451223032e-01 0.000000000000000000e+00 0.000000000000000000e+00
4.961995795005706977e-01 0.000000000000000000e+00 0.000000000000000000e+00
4.986709213560190923e-01 0.000000000000000000e+00 0.000000000000000000e+00
5.011422632114674869e-01 0.000000000000000000e+00 0.000000000000000000e+00
5.036136050669158815e-01 0.000000000000000000e+00 0.000000000000000000e+00
5.060849469223642760e-01 0.000000000000000000e+00 0.000000000000000000e+00
5.085562887778126706e-01 0.000000000000000000e+00 0.000000000000000000e+00
5.110276306332610652e-01 0.000000000000000000e+00 0.000000000000000000e+00
5.134989724887094598e-01 0.000000000000000000e+00 0.000000000000000000e+00
5.159703143441578543e-01 0.000000000000000000e+00 0.000000000000000000e+00
5.184416561996062489e-01 0.000000000000000000e+00 0.000000000000000000e+00
5.209129980550546435e-01 0.000000000000000000e+00 0.000000000000000000e+00
5.233843399105030381e-01 0.000000000000000000e+00 0.000000000000000000e+00
5.258556817659514326e-01 0.000000000000000000e+00 0.000000000000000000e+00
5.283270236213998272e-01 0.000000000000000000e+00 0.000000000000000000e+00
5.307983654768482218e-01 0.000000000000000000e+00 0.000000000000000000e+00
5.332697073322966164e-01 0.000000000000000000e+00 0.000000000000000000e+00
5.357410491877450109e-01 0.000000000000000000e+00 0.000000000000000000e+00
5.382123910431934055e-01 0.000000000000000000e+00 0.000000000000000000e+00
5.406837328986418001e-01 0.000000000000000000e+00 0.000000000000000000e+00
5.431550747540901947e-01 0.000000000000000000e+00 0.000000000000000000e+00
5.456264166095385892e-01 0.000000000000000000e+00 0.000000000000000000e+00
5.480977584649869838e-01 0.000000000000000000e+00 0.000000000000000000e+00
5.505691003204353784e-01 0.000000000000000000e+00 0.000000000000000000e+00
5.530404421758837730e-01 0.000000000000000000e+00 0.000000000000000000e+00
5.555117840313321675e-01 0.000000000000000000e+00 0.000000000000000000e+00
5.579831258867805621e-01 0.000000000000000000e+00 0.000000000000000000e+00
5.604544677422289567e-01 0.000000000000000000e+00 0.000000000000000000e+00
5.629258095976773513e-01 0.000000000000000000e+00 0.000000000000000000e+00
5.653971514531257458e-01 0.000000000000000000e+00 0.000000000000000000e+00
5.678684933085741404e-01 0.000000000000000000e+00 0.000000000000000000e+00
5.703398351640225350e-01 0.000000000000000000e+00 0.000000000000000000e+00
5.728111770194709296e-01 0.000000000000000000e+00 0.000000000000000000e+00
5.752825188749193241e-01 0.000000000000000000e+00 0.000000000000000000e+00
5.777538607303677187e-01 0.000000000000000000e+00 0.000000000000000000e+00
5.802252025858161133e-01 0.000000000000000000e+00 0.000000000000000000e+00
5.826965444412645079e-01 0.000000000000000000e+00 0.000000000000000000e+00
5.851678862967129024e-01 0.000000000000000000e+00 0.000000000000000000e+00
5.876392281521612970e-01 0.000000000000000000e+00 0.000000000000000000e+00
5.901105700076096916e-01 0.000000000000000000e+00 0.000000000000000000e+00
5.925819118630580862e-01 0.000000000000000000e+00 0.000000000000000000e+00
5.950532537185064808e-01 0.000000000000000000e+00 0.000000000000000000e+00
5.975245955739548753e-01 0.000000000000000000e+00 0.000000000000000000e+00
5.999959374294032699e-01 0.000000000000000000e+00 0.000000000000000000e+00
6.024672792848516645e-01 0.000000000000000000e+00 0.000000000000000000e+00
6.049386211403000591e-01 0.000000000000000000e+00 0.000000000000000000e+00
6.074099629957484536e-01 0.000000000000000000e+00 0.000000000000000000e+00
6.098813048511968482e-01 0.000000000000000000e+00 0.000000000000000000e+00
6.123526467066452428e-01 0.000000000000000000e+00 0.000000000000000000e+00
6.148239885620936374e-01 0.000000000000000000e+00 0.000000000000000000e+00
6.172953304175420319e-01 0.000000000000000000e+00 0.000000000000000000e+00
6.197666722729904265e-01 0.000000000000000000e+00 0.000000000000000000e+00
6.222380141284388211e-01 0.000000000000000000e+00 0.000000000000000000e+00
6.247093559838872157e-01 0.000000000000000000e+00 0.000000000000000000e+00
6.271806978393356102e-01 0.000000000000000000e+00 0.000000000000000000e+00
6.296520396947840048e-01 0.000000000000000000e+00 0.000000000000000000e+00
6.321233815502323994e-01 0.000000000000000000e+00 0.000000000000000000e+00
6.345947234056807940e-01 0.000000000000000000e+00 0.000000000000000000e+00
6.370660652611291885e-01 0.000000000000000000e+00 0.000000000000000000e+00
6.395374071165775831e-01 0.000000000000000000e+00 0.000000000000000000e+00
6.420087489720259777e-01 0.000000000000000000e+00 0.000000000000000000e+00
6.444800908274743723e-01 0.000000000000000000e+00 0.000000000000000000e+00
6.469514326829227668e-01 0.000000000000000000e+00 0.000000000000000000e+00
6.494227745383711614e-01 0.000000000000000000e+00 0.000000000000000000e+00
6.518941163938195560e-01 0.000000000000000000e+00 0.000000000000000000e+00
6.543654582492679506e-01 0.000000000000000000e+00 0.000000000000000000e+00
6.568368001047163451e-01 0.000000000000000000e+00 0.000000000000000000e+00
6.593081419601647397e-01 0.000000000000000000e+00 0.000000000000000000e+00
6.617794838156131343e-01 0.000000000000000000e+00 0.000000000000000000e+00
6.642508256710615289e-01 0.000000000000000000e+00 0.000000000000000000e+00
6.667221675265100345e-01 0.000000000000000000e+00 0.000000000000000000e+00
6.691935093819584290e-01 0.000000000000000000e+00 0.000000000000000000e+00
6.716648512374068236e-01 0.000000000000000000e+00 0.000000000000000000e+00
6.741361930928552182e-01 0.000000000000000000e+00 0.000000000000000000e+00
6.766075349483036128e-01 0.000000000000000000e+00 0.000000000000000000e+00
6.790788768037520073e-01 0.000000000000000000e+00 0.000000000000000000e+00
6.815502186592004019e-01 0.000000000000000000e+00 0.000000000000000000e+00
6.840215605146487965e-01 0.000000000000000000e+00 0.000000000000000000e+00
6.864929023700971911e-01 0.000000000000000000e+00 0.000000000000000000e+00
6.889642442255455856e-01 0.000000000000000000e+00 0.000000000000000000e+00
