#! FIELDS rc1 external1.bias der_rc1
#! SET min_rc1 -2.3446727697040144
#! SET max_rc1 2.324512897958576
#! SET nbins_rc1 500
#! SET periodic_rc1 false
-2.344672769704014392e+00 0.000000000000000000e+00 0.000000000000000000e+00
-2.335315684197676767e+00 0.000000000000000000e+00 0.000000000000000000e+00
-2.325958598691338253e+00 0.000000000000000000e+00 0.000000000000000000e+00
-2.316601513185000627e+00 0.000000000000000000e+00 0.000000000000000000e+00
-2.307244427678663001e+00 0.000000000000000000e+00 0.000000000000000000e+00
-2.297887342172325376e+00 0.000000000000000000e+00 0.000000000000000000e+00
-2.288530256665986862e+00 0.000000000000000000e+00 0.000000000000000000e+00
-2.279173171159649236e+00 0.000000000000000000e+00 0.000000000000000000e+00
-2.269816085653311610e+00 0.000000000000000000e+00 0.000000000000000000e+00
-2.260459000146973985e+00 0.000000000000000000e+00 0.000000000000000000e+00
-2.251101914640635471e+00 0.000000000000000000e+00 0.000000000000000000e+00
-2.241744829134297845e+00 0.000000000000000000e+00 0.000000000000000000e+00
-2.232387743627960219e+00 0.000000000000000000e+00 0.000000000000000000e+00
-2.223030658121621705e+00 0.000000000000000000e+00 0.000000000000000000e+00
-2.213673572615284080e+00 0.000000000000000000e+00 0.000000000000000000e+00
-2.204316487108946454e+00 0.000000000000000000e+00 0.000000000000000000e+00
-2.194959401602608828e+00 0.000000000000000000e+00 0.000000000000000000e+00
-2.185602316096270314e+00 0.000000000000000000e+00 0.000000000000000000e+00
-2.176245230589932689e+00 0.000000000000000000e+00 0.000000000000000000e+00
-2.166888145083595063e+00 0.000000000000000000e+00 0.000000000000000000e+00
-2.157531059577256993e+00 0.000000000000000000e+00 0.000000000000000000e+00
-2.148173974070919368e+00 0.000000000000000000e+00 0.000000000000000000e+00
-2.138816888564581298e+00 0.000000000000000000e+00 0.000000000000000000e+00
-2.129459803058243228e+00 0.000000000000000000e+00 0.000000000000000000e+00
-2.120102717551905602e+00 0.000000000000000000e+00 0.000000000000000000e+00
-2.110745632045567977e+00 0.000000000000000000e+00 0.000000000000000000e+00
-2.101388546539229907e+00 0.000000000000000000e+00 0.000000000000000000e+00
-2.092031461032891837e+00 0.000000000000000000e+00 0.000000000000000000e+00
-2.082674375526554211e+00 0.000000000000000000e+00 0.000000000000000000e+00
-2.073317290020216586e+00 0.000000000000000000e+00 0.000000000000000000e+00
-2.063960204513878516e+00 0.000000000000000000e+00 0.000000000000000000e+00
-2.054603119007540890e+00 0.000000000000000000e+00 0.000000000000000000e+00
-2.045246033501202820e+00 0.000000000000000000e+00 0.000000000000000000e+00
-2.035888947994864751e+00 0.000000000000000000e+00 0.000000000000000000e+00
-2.026531862488527125e+00 0.000000000000000000e+00 0.000000000000000000e+00
-2.017174776982189499e+00 0.000000000000000000e+00 0.000000000000000000e+00
-2.007817691475851429e+00 0.000000000000000000e+00 0.000000000000000000e+00
-1.998460605969513137e+00 0.000000000000000000e+00 0.000000000000000000e+00
-1.989103520463175512e+00 0.000000000000000000e+00 0.000000000000000000e+00
-1.979746434956837886e+00 0.000000000000000000e+00 0.000000000000000000e+00
-1.970389349450499816e+00 0.000000000000000000e+00 0.000000000000000000e+00
-1.961032263944162191e+00 0.000000000000000000e+00 0.000000000000000000e+00
-1.951675178437824121e+00 0.000000000000000000e+00 0.000000000000000000e+00
-1.942318092931486051e+00 0.000000000000000000e+00 0.000000000000000000e+00
-1.932961007425148425e+00 0.000000000000000000e+00 0.000000000000000000e+00
-1.923603921918810800e+00 0.000000000000000000e+00 0.000000000000000000e+00
-1.914246836412472730e+00 0.000000000000000000e+00 0.000000000000000000e+00
-1.904889750906134660e+00 0.000000000000000000e+00 0.000000000000000000e+00
-1.895532665399797034e+00 0.000000000000000000e+00 0.000000000000000000e+00
-1.886175579893459409e+00 0.000000000000000000e+00 0.000000000000000000e+00
-1.876818494387121339e+00 0.000000000000000000e+00 0.000000000000000000e+00
-1.867461408880783713e+00 0.000000000000000000e+00 0.000000000000000000e+00
-1.858104323374445643e+00 0.000000000000000000e+00 0.000000000000000000e+00
-1.848747237868107574e+00 0.000000000000000000e+00 0.000000000000000000e+00
-1.839390152361769948e+00 0.000000000000000000e+00 0.000000000000000000e+00
-1.830033066855432322e+00 0.000000000000000000e+00 0.000000000000000000e+00
-1.820675981349094252e+00 0.000000000000000000e+00 0.000000000000000000e+00
-1.811318895842756183e+00 0.000000000000000000e+00 0.000000000000000000e+00
-1.801961810336418557e+00 0.000000000000000000e+00 0.000000000000000000e+00
-1.792604724830080931e+00 0.000000000000000000e+00 0.000000000000000000e+00
-1.783247639323742861e+00 0.000000000000000000e+00 0.000000000000000000e+00
-1.773890553817405236e+00 0.000000000000000000e+00 0.000000000000000000e+00
-1.764533468311067166e+00 0.000000000000000000e+00 0.000000000000000000e+00
-1.755176382804729096e+00 0.000000000000000000e+00 0.000000000000000000e+00
-1.745819297298391470e+00 0.000000000000000000e+00 0.000000000000000000e+00
-1.736462211792053845e+00 0.000000000000000000e+00 0.000000000000000000e+00
-1.727105126285715775e+00 0.000000000000000000e+00 0.000000000000000000e+00
-1.717748040779377705e+00 0.000000000000000000e+00 0.000000000000000000e+00
-1.708390955273040079e+00 0.000000000000000000e+00 0.000000000000000000e+00
-1.699033869766702454e+00 0.000000000000000000e+00 0.000000000000000000e+00
-1.689676784260364162e+00 0.000000000000000000e+00 0.000000000000000000e+00
-1.680319698754026536e+00 0.000000000000000000e+00 0.000000000000000000e+00
-1.670962613247688466e+00 0.000000000000000000e+00 0.000000000000000000e+00
-1.661605527741350397e+00 0.000000000000000000e+00 0.000000000000000000e+00
-1.652248442235012771e+00 0.000000000000000000e+00 0.000000000000000000e+00
-1.642891356728675145e+00 0.000000000000000000e+00 0.000000000000000000e+00
-1.633534271222337075e+00 0.000000000000000000e+00 0.000000000000000000e+00
-1.624177185715999006e+00 0.000000000000000000e+00 0.000000000000000000e+00
-1.614820100209661380e+00 0.000000000000000000e+00 0.000000000000000000e+00
-1.605463014703323754e+00 0.000000000000000000e+00 0.000000000000000000e+00
-1.596105929196985684e+00 0.000000000000000000e+00 0.000000000000000000e+00
-1.586748843690648059e+00 0.000000000000000000e+00 0.000000000000000000e+00
-1.577391758184309989e+00 0.000000000000000000e+00 0.000000000000000000e+00
-1.568034672677971919e+00 0.000000000000000000e+00 0.000000000000000000e+00
-1.558677587171634293e+00 0.000000000000000000e+00 0.000000000000000000e+00
-1.549320501665296668e+00 0.000000000000000000e+00 0.000000000000000000e+00
-1.539963416158958598e+00 0.000000000000000000e+00 0.000000000000000000e+00
-1.530606330652620528e+00 0.000000000000000000e+00 0.000000000000000000e+00
-1.521249245146282902e+00 0.000000000000000000e+00 0.000000000000000000e+00
-1.511892159639945277e+00 0.000000000000000000e+00 0.000000000000000000e+00
-1.502535074133606985e+00 0.000000000000000000e+00 0.000000000000000000e+00
-1.493177988627269359e+00 0.000000000000000000e+00 0.000000000000000000e+00
-1.483820903120931289e+00 0.000000000000000000e+00 0.000000000000000000e+00
-1.474463817614593220e+00 0.000000000000000000e+00 0.000000000000000000e+00
-1.465106732108255594e+00 0.000000000000000000e+00 0.000000000000000000e+00
-1.455749646601917968e+00 0.000000000000000000e+00 0.000000000000000000e+00
-1.446392561095579898e+00 0.000000000000000000e+00 0.000000000000000000e+00
-1.437035475589241829e+00 0.000000000000000000e+00 0.000000000000000000e+00
-1.427678390082904203e+00 0.000000000000000000e+00 0.000000000000000000e+00
-1.418321304576566577e+00 0.000000000000000000e+00 0.000000000000000000e+00
-1.408964219070228507e+00 0.000000000000000000e+00 0.000000000000000000e+00
-1.399607133563890882e+00 0.000000000000000000e+00 0.000000000000000000e+00
-1.390250048057552812e+00 0.000000000000000000e+00 0.000000000000000000e+00
-1.380892962551214742e+00 0.000000000000000000e+00 0.000000000000000000e+00
-1.371535877044877116e+00 0.000000000000000000e+00 0.000000000000000000e+00
-1.362178791538539491e+00 0.000000000000000000e+00 0.000000000000000000e+00
-1.352821706032201421e+00 0.000000000000000000e+00 0.000000000000000000e+00
-1.343464620525863351e+00 0.000000000000000000e+00 0.000000000000000000e+00
-1.334107535019525725e+00 0.000000000000000000e+00 0.000000000000000000e+00
-1.324750449513188100e+00 0.000000000000000000e+00 0.000000000000000000e+00
-1.315393364006850030e+00 0.000000000000000000e+00 0.000000000000000000e+00
-1.306036278500512404e+00 0.000000000000000000e+00 0.000000000000000000e+00
-1.296679192994174334e+00 0.000000000000000000e+00 0.000000000000000000e+00
-1.287322107487836265e+00 0.000000000000000000e+00 0.000000000000000000e+00
-1.277965021981498639e+00 0.000000000000000000e+00 0.000000000000000000e+00
-1.268607936475161013e+00 0.000000000000000000e+00 0.000000000000000000e+00
-1.259250850968822943e+00 1.973160823735881308e+00 9.007385045304116034e+01
-1.249893765462484874e+00 4.086654296349259141e+00 9.752399873665807206e+01
-1.240536679956147248e+00 5.534568007011493762e+00 1.039165785994529188e+02
-1.231179594449809622e+00 6.662889992841343201e+00 1.095784314531814516e+02
-1.221822508943471330e+00 7.611104780609899478e+00 1.144216354748693050e+02
-1.212465423437133705e+00 8.428287205741902710e+00 9.676921117760950608e+01
-1.203108337930795635e+00 9.125403950988982160e+00 7.707950338066497409e+01
-1.193751252424457565e+00 9.723563114811632602e+00 6.387054755052033528e+01
-1.184394166918119939e+00 1.025334752757804324e+01 5.348812538625704605e+01
-1.175037081411782314e+00 1.070653026913377204e+01 4.451119826718394279e+01
-1.165679995905444244e+00 1.102793865743348789e+01 3.640584157369916340e+01
-1.156322910399106174e+00 1.129904933553861923e+01 2.913138772634903262e+01
-1.146965824892768548e+00 1.151098975467988339e+01 2.251933939039319199e+01
-1.137608739386430923e+00 1.166781962097063996e+01 1.615830737701632813e+01
-1.128251653880092853e+00 1.177605566236589141e+01 1.031506190301565162e+01
-1.118894568373755227e+00 1.183481293109480958e+01 5.602470307136595551e+00
-1.109537482867417157e+00 1.185125280972628303e+01 1.102828602440463657e+00
-1.100180397361079088e+00 1.183071695703315385e+01 -2.987688820998574801e+00
-1.090823311854741462e+00 1.176529416522236460e+01 -6.658552671996393002e+00
-1.081466226348403836e+00 1.167171943143063118e+01 -1.003947307095816122e+01
-1.072109140842065766e+00 1.155216659453945738e+01 -1.304949248610119206e+01
-1.062752055335727697e+00 1.140224195085732362e+01 -1.576320562761962130e+01
-1.053394969829390071e+00 1.123142915703574829e+01 -1.823394784653865486e+01
-1.044037884323052445e+00 1.104477315396739101e+01 -2.024964242861078034e+01
-1.034680798816714375e+00 1.083665358273056967e+01 -2.203407759343408401e+01
-1.025323713310376750e+00 1.061376076102719423e+01 -2.354981294670032810e+01
-1.015966627804038680e+00 1.037627618061004853e+01 -2.471640952093770593e+01
-1.006609542297700610e+00 1.012455086585147512e+01 -2.559578600433510331e+01
-9.972524567913628735e-01 9.870517808449577046e+00 -2.624373142021107697e+01
-9.878953712850252478e-01 9.609971950480165503e+00 -2.658344772755130947e+01
-9.785382857786871780e-01 9.348590460534069280e+00 -2.664666050867472791e+01
-9.691812002723491082e-01 9.089506377886564792e+00 -2.637985483019146926e+01
-9.598241147660114825e-01 8.836409574590852856e+00 -2.574088725402117817e+01
-9.504670292596738568e-01 8.589124764924576994e+00 -2.484966057341354073e+01
-9.411099437533356760e-01 8.349217648330956365e+00 -2.364660107342964324e+01
-9.317528582469980503e-01 8.120409952646951979e+00 -2.214131816125352259e+01
-9.223957727406599805e-01 7.907890607701226315e+00 -2.039157714737667959e+01
-9.130386872343219107e-01 7.715954035402681654e+00 -1.846104072467888457e+01
-9.036816017279842850e-01 7.545313820560537010e+00 -1.618792519905773730e+01
-8.943245162216466593e-01 7.397339268696740078e+00 -1.362098823320881635e+01
-8.849674307153085895e-01 7.276808387955256308e+00 -1.093255226304308181e+01
-8.756103452089705197e-01 7.181449068115689727e+00 -8.173839952735086456e+00
-8.662532597026328940e-01 7.108994208622782196e+00 -5.395772612537824031e+00
-8.568961741962952683e-01 7.074406762346725941e+00 -2.762747509804637236e+00
-8.475390886899571985e-01 7.074690132541384457e+00 -4.045452995538080798e-01
-8.381820031836195728e-01 7.097441689368942264e+00 1.867517479377455603e+00
-8.288249176772815030e-01 7.143057414172595543e+00 3.975421033892847067e+00
-8.194678321709434332e-01 7.211066978319962573e+00 5.792734444869893196e+00
-8.101107466646058075e-01 7.286801173743896243e+00 6.821334447852751559e+00
-8.007536611582681818e-01 7.359485619105619492e+00 7.208588235574074687e+00
-7.913965756519301120e-01 7.451553595346410930e+00 6.615971735105585338e+00
-7.820394901455920422e-01 7.553432613493981762e+00 5.497807709713381286e+00
-7.726824046392544165e-01 7.651025323784345744e+00 3.833386940421964706e+00
-7.633253191329167908e-01 7.712684859305589669e+00 1.895809967356606895e+00
-7.539682336265786100e-01 7.749203897543864628e+00 -1.453224487410461063e-01
-7.446111481202409843e-01 7.716503821697912713e+00 -2.661478421841170228e+00
-7.352540626139029145e-01 7.657491982544520681e+00 -5.675764967579747022e+00
-7.258969771075648447e-01 7.569760272124028688e+00 -8.932635828062004180e+00
-7.165398916012272190e-01 7.464193733427130439e+00 -1.184040426670068591e+01
-7.071828060948895933e-01 7.345887673317015754e+00 -1.453608408804797669e+01
-6.978257205885515235e-01 7.202516783682000323e+00 -1.556749329450232011e+01
-6.884686350822134537e-01 7.022346432338778754e+00 -1.577099813018622143e+01
-6.791115495758758280e-01 6.815190951382810169e+00 -1.544934137148762865e+01
-6.697544640695382023e-01 6.604768107774326324e+00 -1.454985343326209168e+01
-6.603973785632000215e-01 6.389050080152038902e+00 -1.365508401174446362e+01
-6.510402930568623958e-01 6.259840162937926777e+00 -1.242523241980059012e+01
-6.416832075505243260e-01 6.181786202300038724e+00 -1.057954263081457391e+01
-6.323261220441862562e-01 6.124152189827896109e+00 -8.257705190539873286e+00
-6.229690365378486305e-01 6.102751506629957134e+00 -5.477825343905780464e+00
-6.136119510315110048e-01 6.068169786375811725e+00 -2.622752279041694834e+00
-6.042548655251729350e-01 6.039877161800042416e+00 -5.603030760408355127e-01
-5.948977800188348652e-01 6.032409582193999142e+00 7.487841958361185490e-01
-5.855406945124972395e-01 6.042510415842691884e+00 1.959897584873335097e+00
-5.761836090061596138e-01 6.092203306457214751e+00 2.600751529487419500e+00
-5.668265234998214330e-01 6.143636906782681706e+00 3.634523332916597127e+00
-5.574694379934838073e-01 6.207412125018144877e+00 4.675307749288899473e+00
-5.481123524871457375e-01 6.251850579762368909e+00 5.689975698520343350e+00
-5.387552669808076677e-01 6.307541482681145339e+00 6.393160720518892504e+00
-5.293981814744700420e-01 6.346106051051485508e+00 6.667278488667434111e+00
-5.200410959681324163e-01 6.408255242384619521e+00 7.191687321770056762e+00
-5.106840104617943465e-01 6.477349705585446316e+00 7.536165890140458679e+00
-5.013269249554562768e-01 6.564825473594396499e+00 7.995863552465478641e+00
-4.919698394491186511e-01 6.640723931019252291e+00 8.460883456057786134e+00
-4.826127539427810254e-01 6.716066255587499256e+00 8.996317492532725169e+00
-4.732556684364428445e-01 6.816569238829167432e+00 9.349300240409100127e+00
-4.638985829301052188e-01 6.912577611258051036e+00 9.636633248469342661e+00
-4.545414974237671490e-01 7.000030369336670333e+00 9.699075889707488685e+00
-4.451844119174290793e-01 7.099233582256069042e+00 1.012523539235928638e+01
-4.358273264110914536e-01 7.187899171249405583e+00 1.024939069235878186e+01
-4.264702409047538278e-01 7.283077260123953067e+00 1.002693776312642981e+01
-4.171131553984157581e-01 7.379057718576909508e+00 9.640270187632268062e+00
-4.077560698920776883e-01 7.472376297918920329e+00 9.562101991037851079e+00
-3.983989843857400626e-01 7.588150864400297735e+00 9.178291629926606632e+00
-3.890418988794024369e-01 7.675110506550147704e+00 9.086683136337425637e+00
-3.796848133730643671e-01 7.754798378992191488e+00 8.929874187149641429e+00
-3.703277278667267414e-01 7.814625935756794206e+00 8.553462394378783529e+00
-3.609706423603886716e-01 7.894764428841320125e+00 8.006754359655992914e+00
-3.516135568540506018e-01 7.958054178089355446e+00 7.190701560817710281e+00
-3.422564713477129761e-01 8.038147882006484224e+00 6.832588485520785682e+00
-3.328993858413753504e-01 8.118653223423940801e+00 6.400825317049637420e+00
-3.235423003350372806e-01 8.179412508571388685e+00 6.381596178841652645e+00
-3.141852148286992108e-01 8.221575149634354318e+00 5.960792266239688608e+00
-3.048281293223615851e-01 8.260990957951584335e+00 5.781100667893897871e+00
-2.954710438160239594e-01 8.314441653436524859e+00 5.240661269343755535e+00
-2.861139583096858896e-01 8.353729077019849569e+00 4.607895197874384507e+00
-2.767568728033482639e-01 8.411757346880193609e+00 4.330988265387116343e+00
-2.673997872970101941e-01 8.452520858048544028e+00 4.338382634003263405e+00
-2.580427017906721243e-01 8.498996710791658415e+00 4.127404037508920709e+00
-2.486856162843344986e-01 8.528521038076512184e+00 3.795054459403273572e+00
-2.393285307779968729e-01 8.549817917131491640e+00 3.761468690803539072e+00
-2.299714452716588031e-01 8.584666783833121428e+00 3.377773836583478406e+00
-2.206143597653207333e-01 8.627521322290149897e+00 3.099104554433072867e+00
-2.112572742589831076e-01 8.647195682933336514e+00 2.534709008954381115e+00
-2.019001887526454819e-01 8.669548144214978436e+00 2.247705214453062705e+00
-1.925431032463074121e-01 8.705692918712465200e+00 1.904387940444222993e+00
-1.831860177399697864e-01 8.727818532980016641e+00 1.250407921077213880e+00
-1.738289322336317166e-01 8.742506721137665693e+00 4.437147769073963022e-01
-1.644718467272936469e-01 8.736171600096369616e+00 -7.400417648486704025e-02
-1.551147612209560211e-01 8.738840736923300767e+00 -6.435101429229740377e-01
-1.457576757146183954e-01 8.728013125091237612e+00 -1.614580841397977196e+00
-1.364005902082803257e-01 8.701668522186338350e+00 -2.400972694190645296e+00
-1.270435047019422559e-01 8.669040093369638100e+00 -3.085817732208016917e+00
-1.176864191956046302e-01 8.640271048861386305e+00 -3.434564281762388482e+00
-1.083293336892670045e-01 8.609334349899718575e+00 -4.110407634005394328e+00
-9.897224818292871262e-02 8.554615208813906690e+00 -4.596786818559821519e+00
-8.961516267659108692e-02 8.503157465000775517e+00 -4.885511336747520694e+00
-8.025807717025301713e-02 8.453764117365217601e+00 -5.190940412860521214e+00
-7.090099166391494734e-02 8.414796483481723044e+00 -5.586225882618152561e+00
-6.154390615757732164e-02 8.354226379950375758e+00 -6.167470151679708579e+00
-5.218682065123969593e-02 8.297887851934525827e+00 -6.438058290250972426e+00
-4.282973514490162614e-02 8.244527048985041517e+00 -6.961334832955013319e+00
-3.347264963856355635e-02 8.183319360355227445e+00 -7.559679558496480212e+00
-2.411556413222593065e-02 8.117563116447627181e+00 -8.480721145236309155e+00
-1.475847862588830495e-02 8.032238894229180914e+00 -9.044844329426190654e+00
-5.401393119550013111e-03 7.952200589647254958e+00 -9.714790518752614901e+00
3.955692386787612591e-03 7.851779412298697025e+00 -1.041326694953365006e+01
1.331277789312568238e-02 7.746398437071555065e+00 -1.108237518408874323e+01
2.266986339946375217e-02 7.621248154367883387e+00 -1.179221143117151627e+01
3.202694890580137788e-02 7.507892562130813019e+00 -1.228346832456690407e+01
4.138403441213900358e-02 7.388866596333237169e+00 -1.291211721685737679e+01
5.074111991847707337e-02 7.270148756513954424e+00 -1.319432939035494989e+01
6.009820542481514316e-02 7.146332038246889340e+00 -1.356019520322845828e+01
6.945529093115276886e-02 7.014155809744757164e+00 -1.345953526695289426e+01
7.881237643749039457e-02 6.882864259955525199e+00 -1.373831636910356480e+01
8.816946194382846436e-02 6.744002740987326661e+00 -1.417707597234212358e+01
9.752654745016609006e-02 6.617174729255324905e+00 -1.472685284341640788e+01
1.068836329565041598e-01 6.477559377079138869e+00 -1.532231903502593440e+01
1.162407184628422296e-01 6.361827930683396914e+00 -1.570606788106543128e+01
1.255978039691798553e-01 6.222386552342577204e+00 -1.636858423578922128e+01
1.349548894755174810e-01 6.062305475302700586e+00 -1.692138381707736983e+01
1.443119749818555508e-01 5.892144543562928050e+00 -1.764004375573271233e+01
1.536690604881936206e-01 5.712609544585632193e+00 -1.823461652438412273e+01
1.630261459945312463e-01 5.544525608429999863e+00 -1.947980539493009644e+01
1.723832315008688720e-01 5.351241836835782806e+00 -2.040143045380103715e+01
1.817403170072069418e-01 5.160654388367774459e+00 -2.075997345267573735e+01
1.910974025135445675e-01 4.966580751676012540e+00 -2.125088879087992666e+01
2.004544880198826373e-01 4.771330717139697697e+00 -2.156233180509168434e+01
2.098115735262207071e-01 4.539085883411566158e+00 -2.242480345716649026e+01
2.191686590325583328e-01 4.313407260264362719e+00 -2.282675154995518696e+01
2.285257445388959585e-01 4.119777008242792249e+00 -2.351940402224744631e+01
2.378828300452340283e-01 3.903680708543518563e+00 -2.421970007842694983e+01
2.472399155515720981e-01 3.695003720422938898e+00 -2.493683717875704176e+01
2.565970010579097238e-01 3.446217574314708543e+00 -2.502048440940362894e+01
2.659540865642473495e-01 3.215323175987165882e+00 -2.539204876047710258e+01
2.753111720705854193e-01 2.959923643425007356e+00 -2.603042285449194537e+01
2.846682575769230450e-01 2.700322705959038672e+00 -2.642227687420866999e+01
2.940253430832611148e-01 2.437969539747150804e+00 -2.696803601786674776e+01
3.033824285895991846e-01 2.197897763123734194e+00 -2.698679551204178395e+01
3.127395140959368103e-01 1.937451545935509500e+00 -2.736699162708038457e+01
3.220965996022744360e-01 1.684088084086653225e+00 -2.706809699499191524e+01
3.314536851086125058e-01 1.431325668702470466e+00 -2.693617271170642979e+01
3.408107706149505756e-01 1.171581530851163677e+00 -2.605479599492618448e+01
3.501678561212882013e-01 9.210400428324021505e-01 -2.348912769510347687e+01
3.595249416276258270e-01 6.545703689289297245e-01 -2.070571594780443547e+01
3.688820271339641188e-01 4.271386626651363372e-01 -1.799799823295361989e+01
3.782391126403017445e-01 1.798819931898378854e-01 -1.529670395480496481e+01
3.875961981466398143e-01 0.000000000000000000e+00 0.000000000000000000e+00
3.969532836529778841e-01 0.000000000000000000e+00 0.000000000000000000e+00
4.063103691593155098e-01 0.000000000000000000e+00 0.000000000000000000e+00
4.156674546656531355e-01 0.000000000000000000e+00 0.000000000000000000e+00
4.250245401719912053e-01 0.000000000000000000e+00 0.000000000000000000e+00
4.343816256783292751e-01 0.000000000000000000e+00 0.000000000000000000e+00
4.437387111846669008e-01 0.000000000000000000e+00 0.000000000000000000e+00
4.530957966910045265e-01 0.000000000000000000e+00 0.000000000000000000e+00
4.624528821973428183e-01 0.000000000000000000e+00 0.000000000000000000e+00
4.718099677036804440e-01 0.000000000000000000e+00 0.000000000000000000e+00
4.811670532100185138e-01 0.000000000000000000e+00 0.000000000000000000e+00
4.905241387163565836e-01 0.000000000000000000e+00 0.000000000000000000e+00
4.998812242226942093e-01 0.000000000000000000e+00 0.000000000000000000e+00
5.092383097290318350e-01 0.000000000000000000e+00 0.000000000000000000e+00
5.185953952353699048e-01 0.000000000000000000e+00 0.000000000000000000e+00
5.279524807417079746e-01 0.000000000000000000e+00 0.000000000000000000e+00
5.373095662480456003e-01 0.000000000000000000e+00 0.000000000000000000e+00
5.466666517543832260e-01 0.000000000000000000e+00 0.000000000000000000e+00
5.560237372607212958e-01 0.000000000000000000e+00 0.000000000000000000e+00
5.653808227670589215e-01 0.000000000000000000e+00 0.000000000000000000e+00
5.747379082733969913e-01 0.000000000000000000e+00 0.000000000000000000e+00
5.840949937797350611e-01 0.000000000000000000e+00 0.000000000000000000e+00
5.934520792860726868e-01 0.000000000000000000e+00 0.000000000000000000e+00
6.028091647924103125e-01 3.509696325695230712e-01 2.464287460599770796e+01
6.121662502987483823e-01 7.463205250025950477e-01 2.850685864612366416e+01
6.215233358050864521e-01 1.147865763749436496e+00 3.220363707274060516e+01
6.308804213114240778e-01 1.547264133522055829e+00 3.571566174254650861e+01
6.402375068177617035e-01 1.928801282105808923e+00 3.904823553293383043e+01
6.495945923240997733e-01 2.305854848102832477e+00 3.830577425961314475e+01
6.589516778304373990e-01 2.667411138688642325e+00 3.682674921203920348e+01
6.683087633367754687e-01 3.013321857047067454e+00 3.489260851296277366e+01
6.776658488431135385e-01 3.341945008404486828e+00 3.259324840005460544e+01
6.870229343494511642e-01 3.653776787532841297e+00 3.012291643421327336e+01
6.963800198557887899e-01 3.935273683906302722e+00 2.729401184928943280e+01
7.057371053621268597e-01 4.192230937977718952e+00 2.422487113520988089e+01
7.150941908684649295e-01 4.412796977699066758e+00 2.088080500017125374e+01
7.244512763748025552e-01 4.597042255608272399e+00 1.729158106812429452e+01
7.338083618811401809e-01 4.747428329857854123e+00 1.338241996409793799e+01
7.431654473874782507e-01 4.859778874950841043e+00 9.350265213656539842e+00
7.525225328938158764e-01 4.934153044610383176e+00 5.081978862945977227e+00
7.618796184001539462e-01 4.967156635324769809e+00 7.391564989073864389e-01
7.712367039064920160e-01 4.959933034346612146e+00 -3.655305596775733079e+00
7.805937894128296417e-01 4.905981266390710971e+00 -8.141978926865615307e+00
7.899508749191672674e-01 4.810185995017505434e+00 -1.269538027656521706e+01
7.993079604255053372e-01 4.667756045597592163e+00 -1.729592817298434326e+01
8.086650459318434070e-01 4.481960483327483757e+00 -2.189001676916543815e+01
8.180221314381810327e-01 4.255012185400012470e+00 -2.655182079001893314e+01
8.273792169445186584e-01 3.985576399763033351e+00 -3.109078281452774206e+01
8.367363024508569502e-01 3.671861287117877737e+00 -3.560149566826514445e+01
8.460933879571945759e-01 3.315758256349468525e+00 -3.998370216807825273e+01
8.554504734635326457e-01 2.918889048882256532e+00 -4.424512319193089382e+01
8.648075589698707155e-01 2.475456459534939313e+00 -4.547369138091063689e+01
8.741646444762083412e-01 1.996790133845543380e+00 -4.259420732089549944e+01
8.835217299825459669e-01 1.478923603802755338e+00 -3.924150617872192726e+01
8.928788154888840367e-01 9.264468451310321484e-01 -3.543580160834920179e+01
9.022359009952221065e-01 3.419064738740118514e-01 -3.119442530374642431e+01
9.115929865015597322e-01 0.000000000000000000e+00 0.000000000000000000e+00
9.209500720078973579e-01 0.000000000000000000e+00 0.000000000000000000e+00
9.303071575142356497e-01 0.000000000000000000e+00 0.000000000000000000e+00
9.396642430205732754e-01 0.000000000000000000e+00 0.000000000000000000e+00
9.490213285269113452e-01 0.000000000000000000e+00 0.000000000000000000e+00
9.583784140332494150e-01 0.000000000000000000e+00 0.000000000000000000e+00
9.677354995395870407e-01 0.000000000000000000e+00 0.000000000000000000e+00
9.770925850459246664e-01 0.000000000000000000e+00 0.000000000000000000e+00
9.864496705522627362e-01 0.000000000000000000e+00 0.000000000000000000e+00
9.958067560586008060e-01 0.000000000000000000e+00 0.000000000000000000e+00
1.005163841564938432e+00 0.000000000000000000e+00 0.000000000000000000e+00
1.014520927071276057e+00 0.000000000000000000e+00 0.000000000000000000e+00
1.023878012577614127e+00 0.000000000000000000e+00 0.000000000000000000e+00
1.033235098083951753e+00 0.000000000000000000e+00 0.000000000000000000e+00
1.042592183590289823e+00 0.000000000000000000e+00 0.000000000000000000e+00
1.051949269096627892e+00 0.000000000000000000e+00 0.000000000000000000e+00
1.061306354602965518e+00 0.000000000000000000e+00 0.000000000000000000e+00
1.070663440109303144e+00 0.000000000000000000e+00 0.000000000000000000e+00
1.080020525615641214e+00 0.000000000000000000e+00 0.000000000000000000e+00
1.089377611121979283e+00 0.000000000000000000e+00 0.000000000000000000e+00
1.098734696628316909e+00 0.000000000000000000e+00 0.000000000000000000e+00
1.108091782134654535e+00 0.000000000000000000e+00 0.000000000000000000e+00
1.117448867640992605e+00 0.000000000000000000e+00 0.000000000000000000e+00
1.126805953147330230e+00 0.000000000000000000e+00 0.000000000000000000e+00
1.136163038653668300e+00 0.000000000000000000e+00 0.000000000000000000e+00
1.145520124160006370e+00 0.000000000000000000e+00 0.000000000000000000e+00
1.154877209666343996e+00 0.000000000000000000e+00 0.000000000000000000e+00
1.164234295172681621e+00 0.000000000000000000e+00 0.000000000000000000e+00
1.173591380679019691e+00 0.000000000000000000e+00 0.000000000000000000e+00
1.182948466185357761e+00 0.000000000000000000e+00 0.000000000000000000e+00
1.192305551691695387e+00 0.000000000000000000e+00 0.000000000000000000e+00
1.201662637198033012e+00 0.000000000000000000e+00 0.000000000000000000e+00
1.211019722704371082e+00 0.000000000000000000e+00 0.000000000000000000e+00
1.220376808210708708e+00 0.000000000000000000e+00 0.000000000000000000e+00
1.229733893717046778e+00 0.000000000000000000e+00 0.000000000000000000e+00
1.239090979223384847e+00 0.000000000000000000e+00 0.000000000000000000e+00
1.248448064729722473e+00 0.000000000000000000e+00 0.000000000000000000e+00
1.257805150236060099e+00 0.000000000000000000e+00 0.000000000000000000e+00
1.267162235742398169e+00 0.000000000000000000e+00 0.000000000000000000e+00
1.276519321248736238e+00 0.000000000000000000e+00 0.000000000000000000e+00
1.285876406755073864e+00 0.000000000000000000e+00 0.000000000000000000e+00
1.295233492261411490e+00 0.000000000000000000e+00 0.000000000000000000e+00
1.304590577767749782e+00 0.000000000000000000e+00 0.000000000000000000e+00
1.313947663274087407e+00 0.000000000000000000e+00 0.000000000000000000e+00
1.323304748780425477e+00 0.000000000000000000e+00 0.000000000000000000e+00
1.332661834286763547e+00 0.000000000000000000e+00 0.000000000000000000e+00
1.342018919793101173e+00 0.000000000000000000e+00 0.000000000000000000e+00
1.351376005299438798e+00 0.000000000000000000e+00 0.000000000000000000e+00
1.360733090805776868e+00 0.000000000000000000e+00 0.000000000000000000e+00
1.370090176312114938e+00 0.000000000000000000e+00 0.000000000000000000e+00
1.379447261818452564e+00 0.000000000000000000e+00 0.000000000000000000e+00
1.388804347324790189e+00 0.000000000000000000e+00 0.000000000000000000e+00
1.398161432831128481e+00 0.000000000000000000e+00 0.000000000000000000e+00
1.407518518337466107e+00 0.000000000000000000e+00 0.000000000000000000e+00
1.416875603843804177e+00 0.000000000000000000e+00 0.000000000000000000e+00
1.426232689350142246e+00 0.000000000000000000e+00 0.000000000000000000e+00
1.435589774856479872e+00 0.000000000000000000e+00 0.000000000000000000e+00
1.444946860362817498e+00 0.000000000000000000e+00 0.000000000000000000e+00
1.454303945869155568e+00 0.000000000000000000e+00 0.000000000000000000e+00
1.463661031375493637e+00 0.000000000000000000e+00 0.000000000000000000e+00
1.473018116881831263e+00 0.000000000000000000e+00 0.000000000000000000e+00
1.482375202388168889e+00 0.000000000000000000e+00 0.000000000000000000e+00
1.491732287894506959e+00 0.000000000000000000e+00 0.000000000000000000e+00
1.501089373400844584e+00 0.000000000000000000e+00 0.000000000000000000e+00
1.510446458907182654e+00 0.000000000000000000e+00 0.000000000000000000e+00
1.519803544413520724e+00 0.000000000000000000e+00 0.000000000000000000e+00
1.529160629919858350e+00 0.000000000000000000e+00 0.000000000000000000e+00
1.538517715426195975e+00 0.000000000000000000e+00 0.000000000000000000e+00
1.547874800932534045e+00 0.000000000000000000e+00 0.000000000000000000e+00
1.557231886438872115e+00 0.000000000000000000e+00 0.000000000000000000e+00
1.566588971945209741e+00 0.000000000000000000e+00 0.000000000000000000e+00
1.575946057451547366e+00 0.000000000000000000e+00 0.000000000000000000e+00
1.585303142957885658e+00 0.000000000000000000e+00 0.000000000000000000e+00
1.594660228464223284e+00 0.000000000000000000e+00 0.000000000000000000e+00
1.604017313970561354e+00 0.000000000000000000e+00 0.000000000000000000e+00
1.613374399476899423e+00 0.000000000000000000e+00 0.000000000000000000e+00
1.622731484983237049e+00 0.000000000000000000e+00 0.000000000000000000e+00
1.632088570489574675e+00 0.000000000000000000e+00 0.000000000000000000e+00
1.641445655995912745e+00 0.000000000000000000e+00 0.000000000000000000e+00
1.650802741502250814e+00 0.000000000000000000e+00 0.000000000000000000e+00
1.660159827008588440e+00 0.000000000000000000e+00 0.000000000000000000e+00
1.669516912514926066e+00 0.000000000000000000e+00 0.000000000000000000e+00
1.678873998021264136e+00 0.000000000000000000e+00 0.000000000000000000e+00
1.688231083527601761e+00 0.000000000000000000e+00 0.000000000000000000e+00
1.697588169033939831e+00 0.000000000000000000e+00 0.000000000000000000e+00
1.706945254540277901e+00 0.000000000000000000e+00 0.000000000000000000e+00
1.716302340046615527e+00 0.000000000000000000e+00 0.000000000000000000e+00
1.725659425552953152e+00 0.000000000000000000e+00 0.000000000000000000e+00
1.735016511059291222e+00 0.000000000000000000e+00 0.000000000000000000e+00
1.744373596565629292e+00 0.000000000000000000e+00 0.000000000000000000e+00
1.753730682071966918e+00 0.000000000000000000e+00 0.000000000000000000e+00
1.763087767578304543e+00 0.000000000000000000e+00 0.000000000000000000e+00
1.772444853084642613e+00 0.000000000000000000e+00 0.000000000000000000e+00
1.781801938590980239e+00 0.000000000000000000e+00 0.000000000000000000e+00
1.791159024097318309e+00 0.000000000000000000e+00 0.000000000000000000e+00
1.800516109603656378e+00 0.000000000000000000e+00 0.000000000000000000e+00
1.809873195109994004e+00 0.000000000000000000e+00 0.000000000000000000e+00
1.819230280616331630e+00 0.000000000000000000e+00 0.000000000000000000e+00
1.828587366122669700e+00 0.000000000000000000e+00 0.000000000000000000e+00
1.837944451629007769e+00 0.000000000000000000e+00 0.000000000000000000e+00
1.847301537135345395e+00 0.000000000000000000e+00 0.000000000000000000e+00
1.856658622641683021e+00 0.000000000000000000e+00 0.000000000000000000e+00
1.866015708148021091e+00 0.000000000000000000e+00 0.000000000000000000e+00
1.875372793654358716e+00 0.000000000000000000e+00 0.000000000000000000e+00
1.884729879160696786e+00 0.000000000000000000e+00 0.000000000000000000e+00
1.894086964667034856e+00 0.000000000000000000e+00 0.000000000000000000e+00
1.903444050173372482e+00 0.000000000000000000e+00 0.000000000000000000e+00
1.912801135679710107e+00 0.000000000000000000e+00 0.000000000000000000e+00
1.922158221186048177e+00 0.000000000000000000e+00 0.000000000000000000e+00
1.931515306692386247e+00 0.000000000000000000e+00 0.000000000000000000e+00
1.940872392198723873e+00 0.000000000000000000e+00 0.000000000000000000e+00
1.950229477705061498e+00 0.000000000000000000e+00 0.000000000000000000e+00
1.959586563211399568e+00 0.000000000000000000e+00 0.000000000000000000e+00
1.968943648717737194e+00 0.000000000000000000e+00 0.000000000000000000e+00
1.978300734224075264e+00 0.000000000000000000e+00 0.000000000000000000e+00
1.987657819730413333e+00 0.000000000000000000e+00 0.000000000000000000e+00
1.997014905236750959e+00 0.000000000000000000e+00 0.000000000000000000e+00
2.006371990743088585e+00 0.000000000000000000e+00 0.000000000000000000e+00
2.015729076249426654e+00 0.000000000000000000e+00 0.000000000000000000e+00
2.025086161755764724e+00 0.000000000000000000e+00 0.000000000000000000e+00
2.034443247262102350e+00 0.000000000000000000e+00 0.000000000000000000e+00
2.043800332768439976e+00 0.000000000000000000e+00 0.000000000000000000e+00
2.053157418274778045e+00 0.000000000000000000e+00 0.000000000000000000e+00
2.062514503781115671e+00 0.000000000000000000e+00 0.000000000000000000e+00
2.071871589287453741e+00 0.000000000000000000e+00 0.000000000000000000e+00
2.081228674793791811e+00 0.000000000000000000e+00 0.000000000000000000e+00
2.090585760300129436e+00 0.000000000000000000e+00 0.000000000000000000e+00
2.099942845806467062e+00 0.000000000000000000e+00 0.000000000000000000e+00
2.109299931312805132e+00 0.000000000000000000e+00 0.000000000000000000e+00
2.118657016819143202e+00 0.000000000000000000e+00 0.000000000000000000e+00
2.128014102325480827e+00 0.000000000000000000e+00 0.000000000000000000e+00
2.137371187831818453e+00 0.000000000000000000e+00 0.000000000000000000e+00
2.146728273338156523e+00 0.000000000000000000e+00 0.000000000000000000e+00
2.156085358844494149e+00 0.000000000000000000e+00 0.000000000000000000e+00
2.165442444350832218e+00 0.000000000000000000e+00 0.000000000000000000e+00
2.174799529857170288e+00 0.000000000000000000e+00 0.000000000000000000e+00
2.184156615363507914e+00 0.000000000000000000e+00 0.000000000000000000e+00
2.193513700869845540e+00 0.000000000000000000e+00 0.000000000000000000e+00
2.202870786376183609e+00 0.000000000000000000e+00 0.000000000000000000e+00
2.212227871882521679e+00 0.000000000000000000e+00 0.000000000000000000e+00
2.221584957388859305e+00 0.000000000000000000e+00 0.000000000000000000e+00
2.230942042895196931e+00 0.000000000000000000e+00 0.000000000000000000e+00
2.240299128401535445e+00 0.000000000000000000e+00 0.000000000000000000e+00
2.249656213907873070e+00 0.000000000000000000e+00 0.000000000000000000e+00
2.259013299414211140e+00 0.000000000000000000e+00 0.000000000000000000e+00
2.268370384920549210e+00 0.000000000000000000e+00 0.000000000000000000e+00
2.277727470426886835e+00 0.000000000000000000e+00 0.000000000000000000e+00
2.287084555933224461e+00 0.000000000000000000e+00 0.000000000000000000e+00
2.296441641439562531e+00 0.000000000000000000e+00 0.000000000000000000e+00
2.305798726945900601e+00 0.000000000000000000e+00 0.000000000000000000e+00
2.315155812452238226e+00 0.000000000000000000e+00 0.000000000000000000e+00
2.324512897958575852e+00 0.000000000000000000e+00 0.000000000000000000e+00
