#! FIELDS rc2 external2.bias der_rc2
#! SET min_rc2 -2.3003762568736597
#! SET max_rc2 1.3448402497112242
#! SET nbins_rc2 600
#! SET periodic_rc2 false
-2.300376256873659653e+00 0.000000000000000000e+00 0.000000000000000000e+00
-2.294290753523768434e+00 0.000000000000000000e+00 0.000000000000000000e+00
-2.288205250173877214e+00 0.000000000000000000e+00 0.000000000000000000e+00
-2.282119746823985551e+00 0.000000000000000000e+00 0.000000000000000000e+00
-2.276034243474094332e+00 0.000000000000000000e+00 0.000000000000000000e+00
-2.269948740124203113e+00 0.000000000000000000e+00 0.000000000000000000e+00
-2.263863236774311893e+00 0.000000000000000000e+00 0.000000000000000000e+00
-2.257777733424420674e+00 0.000000000000000000e+00 0.000000000000000000e+00
-2.251692230074529011e+00 0.000000000000000000e+00 0.000000000000000000e+00
-2.245606726724637792e+00 0.000000000000000000e+00 0.000000000000000000e+00
-2.239521223374747017e+00 0.000000000000000000e+00 0.000000000000000000e+00
-2.233435720024855797e+00 0.000000000000000000e+00 0.000000000000000000e+00
-2.227350216674964578e+00 0.000000000000000000e+00 0.000000000000000000e+00
-2.221264713325072471e+00 0.000000000000000000e+00 0.000000000000000000e+00
-2.215179209975181251e+00 0.000000000000000000e+00 0.000000000000000000e+00
-2.209093706625290032e+00 0.000000000000000000e+00 0.000000000000000000e+00
-2.203008203275398813e+00 0.000000000000000000e+00 0.000000000000000000e+00
-2.196922699925507594e+00 0.000000000000000000e+00 0.000000000000000000e+00
-2.190837196575616375e+00 0.000000000000000000e+00 0.000000000000000000e+00
-2.184751693225725155e+00 0.000000000000000000e+00 0.000000000000000000e+00
-2.178666189875833936e+00 0.000000000000000000e+00 0.000000000000000000e+00
-2.172580686525942717e+00 0.000000000000000000e+00 0.000000000000000000e+00
-2.166495183176051498e+00 0.000000000000000000e+00 0.000000000000000000e+00
-2.160409679826159834e+00 0.000000000000000000e+00 0.000000000000000000e+00
-2.154324176476268615e+00 0.000000000000000000e+00 0.000000000000000000e+00
-2.148238673126377396e+00 0.000000000000000000e+00 0.000000000000000000e+00
-2.142153169776486177e+00 0.000000000000000000e+00 0.000000000000000000e+00
-2.136067666426594958e+00 0.000000000000000000e+00 0.000000000000000000e+00
-2.129982163076703294e+00 0.000000000000000000e+00 0.000000000000000000e+00
-2.123896659726812075e+00 0.000000000000000000e+00 0.000000000000000000e+00
-2.117811156376920856e+00 0.000000000000000000e+00 0.000000000000000000e+00
-2.111725653027029637e+00 0.000000000000000000e+00 0.000000000000000000e+00
-2.105640149677138417e+00 0.000000000000000000e+00 0.000000000000000000e+00
-2.099554646327247198e+00 0.000000000000000000e+00 0.000000000000000000e+00
-2.093469142977355535e+00 0.000000000000000000e+00 0.000000000000000000e+00
-2.087383639627464316e+00 0.000000000000000000e+00 0.000000000000000000e+00
-2.081298136277573096e+00 0.000000000000000000e+00 0.000000000000000000e+00
-2.075212632927681877e+00 0.000000000000000000e+00 0.000000000000000000e+00
-2.069127129577790214e+00 0.000000000000000000e+00 0.000000000000000000e+00
-2.063041626227898995e+00 0.000000000000000000e+00 0.000000000000000000e+00
-2.056956122878007776e+00 0.000000000000000000e+00 0.000000000000000000e+00
-2.050870619528116556e+00 0.000000000000000000e+00 0.000000000000000000e+00
-2.044785116178225337e+00 0.000000000000000000e+00 0.000000000000000000e+00
-2.038699612828334118e+00 0.000000000000000000e+00 0.000000000000000000e+00
-2.032614109478442899e+00 0.000000000000000000e+00 0.000000000000000000e+00
-2.026528606128551679e+00 0.000000000000000000e+00 0.000000000000000000e+00
-2.020443102778660460e+00 0.000000000000000000e+00 0.000000000000000000e+00
-2.014357599428769241e+00 0.000000000000000000e+00 0.000000000000000000e+00
-2.008272096078877578e+00 0.000000000000000000e+00 0.000000000000000000e+00
-2.002186592728985914e+00 0.000000000000000000e+00 0.000000000000000000e+00
-1.996101089379095139e+00 0.000000000000000000e+00 0.000000000000000000e+00
-1.990015586029203920e+00 0.000000000000000000e+00 0.000000000000000000e+00
-1.983930082679312701e+00 0.000000000000000000e+00 0.000000000000000000e+00
-1.977844579329421038e+00 0.000000000000000000e+00 0.000000000000000000e+00
-1.971759075979529818e+00 0.000000000000000000e+00 0.000000000000000000e+00
-1.965673572629638599e+00 0.000000000000000000e+00 0.000000000000000000e+00
-1.959588069279747380e+00 0.000000000000000000e+00 0.000000000000000000e+00
-1.953502565929856161e+00 0.000000000000000000e+00 0.000000000000000000e+00
-1.947417062579964497e+00 0.000000000000000000e+00 0.000000000000000000e+00
-1.941331559230073278e+00 0.000000000000000000e+00 0.000000000000000000e+00
-1.935246055880182059e+00 0.000000000000000000e+00 0.000000000000000000e+00
-1.929160552530290840e+00 0.000000000000000000e+00 0.000000000000000000e+00
-1.923075049180399620e+00 0.000000000000000000e+00 0.000000000000000000e+00
-1.916989545830508401e+00 0.000000000000000000e+00 0.000000000000000000e+00
-1.910904042480616738e+00 0.000000000000000000e+00 0.000000000000000000e+00
-1.904818539130725519e+00 0.000000000000000000e+00 0.000000000000000000e+00
-1.898733035780834300e+00 0.000000000000000000e+00 0.000000000000000000e+00
-1.892647532430943080e+00 0.000000000000000000e+00 0.000000000000000000e+00
-1.886562029081051861e+00 0.000000000000000000e+00 0.000000000000000000e+00
-1.880476525731160198e+00 0.000000000000000000e+00 0.000000000000000000e+00
-1.874391022381269423e+00 0.000000000000000000e+00 0.000000000000000000e+00
-1.868305519031378203e+00 0.000000000000000000e+00 0.000000000000000000e+00
-1.862220015681486984e+00 0.000000000000000000e+00 0.000000000000000000e+00
-1.856134512331595321e+00 0.000000000000000000e+00 0.000000000000000000e+00
-1.850049008981704102e+00 0.000000000000000000e+00 0.000000000000000000e+00
-1.843963505631812883e+00 0.000000000000000000e+00 0.000000000000000000e+00
-1.837878002281921663e+00 0.000000000000000000e+00 0.000000000000000000e+00
-1.831792498932030444e+00 0.000000000000000000e+00 0.000000000000000000e+00
-1.825706995582138781e+00 0.000000000000000000e+00 0.000000000000000000e+00
-1.819621492232247562e+00 0.000000000000000000e+00 0.000000000000000000e+00
-1.813535988882356342e+00 0.000000000000000000e+00 0.000000000000000000e+00
-1.807450485532465123e+00 0.000000000000000000e+00 0.000000000000000000e+00
-1.801364982182573904e+00 0.000000000000000000e+00 0.000000000000000000e+00
-1.795279478832682241e+00 0.000000000000000000e+00 0.000000000000000000e+00
-1.789193975482791021e+00 0.000000000000000000e+00 0.000000000000000000e+00
-1.783108472132899802e+00 0.000000000000000000e+00 0.000000000000000000e+00
-1.777022968783008583e+00 0.000000000000000000e+00 0.000000000000000000e+00
-1.770937465433117364e+00 0.000000000000000000e+00 0.000000000000000000e+00
-1.764851962083225700e+00 0.000000000000000000e+00 0.000000000000000000e+00
-1.758766458733334481e+00 0.000000000000000000e+00 0.000000000000000000e+00
-1.752680955383443262e+00 0.000000000000000000e+00 0.000000000000000000e+00
-1.746595452033552043e+00 0.000000000000000000e+00 0.000000000000000000e+00
-1.740509948683660824e+00 0.000000000000000000e+00 0.000000000000000000e+00
-1.734424445333769604e+00 0.000000000000000000e+00 0.000000000000000000e+00
-1.728338941983877941e+00 0.000000000000000000e+00 0.000000000000000000e+00
-1.722253438633986722e+00 0.000000000000000000e+00 0.000000000000000000e+00
-1.716167935284095503e+00 0.000000000000000000e+00 0.000000000000000000e+00
-1.710082431934204283e+00 0.000000000000000000e+00 0.000000000000000000e+00
-1.703996928584313064e+00 0.000000000000000000e+00 0.000000000000000000e+00
-1.697911425234421401e+00 0.000000000000000000e+00 0.000000000000000000e+00
-1.691825921884530626e+00 0.000000000000000000e+00 0.000000000000000000e+00
-1.685740418534639407e+00 0.000000000000000000e+00 0.000000000000000000e+00
-1.679654915184748187e+00 0.000000000000000000e+00 0.000000000000000000e+00
-1.673569411834856524e+00 0.000000000000000000e+00 0.000000000000000000e+00
-1.667483908484965305e+00 0.000000000000000000e+00 0.000000000000000000e+00
-1.661398405135074086e+00 0.000000000000000000e+00 0.000000000000000000e+00
-1.655312901785182866e+00 0.000000000000000000e+00 0.000000000000000000e+00
-1.649227398435291647e+00 0.000000000000000000e+00 0.000000000000000000e+00
-1.643141895085399984e+00 0.000000000000000000e+00 0.000000000000000000e+00
-1.637056391735508765e+00 0.000000000000000000e+00 0.000000000000000000e+00
-1.630970888385617545e+00 0.000000000000000000e+00 0.000000000000000000e+00
-1.624885385035726326e+00 0.000000000000000000e+00 0.000000000000000000e+00
-1.618799881685835107e+00 0.000000000000000000e+00 0.000000000000000000e+00
-1.612714378335943666e+00 0.000000000000000000e+00 0.000000000000000000e+00
-1.606628874986052224e+00 0.000000000000000000e+00 0.000000000000000000e+00
-1.600543371636161005e+00 0.000000000000000000e+00 0.000000000000000000e+00
-1.594457868286269786e+00 0.000000000000000000e+00 0.000000000000000000e+00
-1.588372364936378567e+00 0.000000000000000000e+00 0.000000000000000000e+00
-1.582286861586487126e+00 0.000000000000000000e+00 0.000000000000000000e+00
-1.576201358236595684e+00 0.000000000000000000e+00 0.000000000000000000e+00
-1.570115854886704687e+00 0.000000000000000000e+00 0.000000000000000000e+00
-1.564030351536813468e+00 0.000000000000000000e+00 0.000000000000000000e+00
-1.557944848186922249e+00 0.000000000000000000e+00 0.000000000000000000e+00
-1.551859344837030807e+00 0.000000000000000000e+00 0.000000000000000000e+00
-1.545773841487139366e+00 0.000000000000000000e+00 0.000000000000000000e+00
-1.539688338137248147e+00 0.000000000000000000e+00 0.000000000000000000e+00
-1.533602834787356928e+00 0.000000000000000000e+00 0.000000000000000000e+00
-1.527517331437465709e+00 0.000000000000000000e+00 0.000000000000000000e+00
-1.521431828087574267e+00 0.000000000000000000e+00 0.000000000000000000e+00
-1.515346324737682826e+00 0.000000000000000000e+00 0.000000000000000000e+00
-1.509260821387791829e+00 0.000000000000000000e+00 0.000000000000000000e+00
-1.503175318037900610e+00 0.000000000000000000e+00 0.000000000000000000e+00
-1.497089814688009390e+00 0.000000000000000000e+00 0.000000000000000000e+00
-1.491004311338117727e+00 0.000000000000000000e+00 0.000000000000000000e+00
-1.484918807988226508e+00 0.000000000000000000e+00 0.000000000000000000e+00
-1.478833304638335289e+00 0.000000000000000000e+00 0.000000000000000000e+00
-1.472747801288444069e+00 0.000000000000000000e+00 0.000000000000000000e+00
-1.466662297938552850e+00 0.000000000000000000e+00 0.000000000000000000e+00
-1.460576794588661187e+00 0.000000000000000000e+00 0.000000000000000000e+00
-1.454491291238769968e+00 0.000000000000000000e+00 0.000000000000000000e+00
-1.448405787888878749e+00 0.000000000000000000e+00 0.000000000000000000e+00
-1.442320284538987529e+00 0.000000000000000000e+00 0.000000000000000000e+00
-1.436234781189096310e+00 0.000000000000000000e+00 0.000000000000000000e+00
-1.430149277839205091e+00 0.000000000000000000e+00 0.000000000000000000e+00
-1.424063774489313428e+00 0.000000000000000000e+00 0.000000000000000000e+00
-1.417978271139422208e+00 0.000000000000000000e+00 0.000000000000000000e+00
-1.411892767789530989e+00 0.000000000000000000e+00 0.000000000000000000e+00
-1.405807264439639770e+00 0.000000000000000000e+00 0.000000000000000000e+00
-1.399721761089748551e+00 0.000000000000000000e+00 0.000000000000000000e+00
-1.393636257739856887e+00 0.000000000000000000e+00 0.000000000000000000e+00
-1.387550754389966112e+00 0.000000000000000000e+00 0.000000000000000000e+00
-1.381465251040074893e+00 0.000000000000000000e+00 0.000000000000000000e+00
-1.375379747690183674e+00 0.000000000000000000e+00 0.000000000000000000e+00
-1.369294244340292011e+00 0.000000000000000000e+00 0.000000000000000000e+00
-1.363208740990400791e+00 0.000000000000000000e+00 0.000000000000000000e+00
-1.357123237640509572e+00 0.000000000000000000e+00 0.000000000000000000e+00
-1.351037734290618353e+00 0.000000000000000000e+00 0.000000000000000000e+00
-1.344952230940727134e+00 0.000000000000000000e+00 0.000000000000000000e+00
-1.338866727590835470e+00 0.000000000000000000e+00 0.000000000000000000e+00
-1.332781224240944251e+00 0.000000000000000000e+00 0.000000000000000000e+00
-1.326695720891053032e+00 0.000000000000000000e+00 0.000000000000000000e+00
-1.320610217541161813e+00 0.000000000000000000e+00 0.000000000000000000e+00
-1.314524714191270593e+00 0.000000000000000000e+00 0.000000000000000000e+00
-1.308439210841378930e+00 0.000000000000000000e+00 0.000000000000000000e+00
-1.302353707491487711e+00 0.000000000000000000e+00 0.000000000000000000e+00
-1.296268204141596492e+00 0.000000000000000000e+00 0.000000000000000000e+00
-1.290182700791705273e+00 0.000000000000000000e+00 0.000000000000000000e+00
-1.284097197441814053e+00 0.000000000000000000e+00 0.000000000000000000e+00
-1.278011694091922390e+00 0.000000000000000000e+00 0.000000000000000000e+00
-1.271926190742031171e+00 0.000000000000000000e+00 0.000000000000000000e+00
-1.265840687392139952e+00 0.000000000000000000e+00 0.000000000000000000e+00
-1.259755184042248732e+00 0.000000000000000000e+00 0.000000000000000000e+00
-1.253669680692357513e+00 0.000000000000000000e+00 0.000000000000000000e+00
-1.247584177342466294e+00 0.000000000000000000e+00 0.000000000000000000e+00
-1.241498673992574631e+00 0.000000000000000000e+00 0.000000000000000000e+00
-1.235413170642683411e+00 0.000000000000000000e+00 0.000000000000000000e+00
-1.229327667292792192e+00 0.000000000000000000e+00 0.000000000000000000e+00
-1.223242163942900973e+00 0.000000000000000000e+00 0.000000000000000000e+00
-1.217156660593009754e+00 0.000000000000000000e+00 0.000000000000000000e+00
-1.211071157243118090e+00 0.000000000000000000e+00 0.000000000000000000e+00
-1.204985653893227315e+00 0.000000000000000000e+00 0.000000000000000000e+00
-1.198900150543336096e+00 0.000000000000000000e+00 0.000000000000000000e+00
-1.192814647193444877e+00 0.000000000000000000e+00 0.000000000000000000e+00
-1.186729143843553214e+00 0.000000000000000000e+00 0.000000000000000000e+00
-1.180643640493661994e+00 0.000000000000000000e+00 0.000000000000000000e+00
-1.174558137143770775e+00 0.000000000000000000e+00 0.000000000000000000e+00
-1.168472633793879556e+00 0.000000000000000000e+00 0.000000000000000000e+00
-1.162387130443988337e+00 0.000000000000000000e+00 0.000000000000000000e+00
-1.156301627094096673e+00 0.000000000000000000e+00 0.000000000000000000e+00
-1.150216123744205454e+00 0.000000000000000000e+00 0.000000000000000000e+00
-1.144130620394314235e+00 0.000000000000000000e+00 0.000000000000000000e+00
-1.138045117044423016e+00 0.000000000000000000e+00 0.000000000000000000e+00
-1.131959613694531797e+00 0.000000000000000000e+00 0.000000000000000000e+00
-1.125874110344640577e+00 0.000000000000000000e+00 0.000000000000000000e+00
-1.119788606994748914e+00 0.000000000000000000e+00 0.000000000000000000e+00
-1.113703103644857695e+00 0.000000000000000000e+00 0.000000000000000000e+00
-1.107617600294966476e+00 0.000000000000000000e+00 0.000000000000000000e+00
-1.101532096945075256e+00 0.000000000000000000e+00 0.000000000000000000e+00
-1.095446593595184037e+00 0.000000000000000000e+00 0.000000000000000000e+00
-1.089361090245292374e+00 0.000000000000000000e+00 0.000000000000000000e+00
-1.083275586895401155e+00 0.000000000000000000e+00 0.000000000000000000e+00
-1.077190083545509935e+00 0.000000000000000000e+00 0.000000000000000000e+00
-1.071104580195618716e+00 0.000000000000000000e+00 0.000000000000000000e+00
-1.065019076845727497e+00 0.000000000000000000e+00 0.000000000000000000e+00
-1.058933573495835834e+00 0.000000000000000000e+00 0.000000000000000000e+00
-1.052848070145944614e+00 4.638680408409356914e-02 2.058298831679009844e+00
-1.046762566796053395e+00 1.571152914326461314e-01 5.534129095154580735e-01
-1.040677063446162176e+00 2.333288014628109863e-01 0.000000000000000000e+00
-1.034591560096270957e+00 2.536194232794493075e-01 0.000000000000000000e+00
-1.028506056746379294e+00 2.241206600053011755e-01 0.000000000000000000e+00
-1.022420553396488518e+00 1.252578443525997898e-01 -7.621999814144034824e-01
-1.016335050046597299e+00 3.367796114729060264e-02 -2.581745234816179568e+00
-1.010249546696706080e+00 0.000000000000000000e+00 0.000000000000000000e+00
-1.004164043346814417e+00 0.000000000000000000e+00 0.000000000000000000e+00
-9.980785399969230864e-01 0.000000000000000000e+00 0.000000000000000000e+00
-9.919930366470318672e-01 0.000000000000000000e+00 0.000000000000000000e+00
-9.859075332971406480e-01 0.000000000000000000e+00 0.000000000000000000e+00
-9.798220299472494288e-01 3.755757582859686750e-02 1.196806181752443443e+01
-9.737365265973579875e-01 1.355404006014389040e-01 1.433785746119507110e+01
-9.676510232474665463e-01 2.653046487054169233e-01 1.659156543157572727e+01
-9.615655198975755491e-01 4.261046338936296252e-01 1.896386403099991114e+01
-9.554800165476843299e-01 5.710886515611051095e-01 2.132965979039850879e+01
-9.493945131977931107e-01 7.283168028225084356e-01 2.322457733610545461e+01
-9.433090098479016694e-01 8.725332750491503475e-01 2.391654693891052830e+01
-9.372235064980102281e-01 1.009683368820191163e+00 2.370515260445026584e+01
-9.311380031481190089e-01 1.154049679557573427e+00 2.305691397096269313e+01
-9.250524997982277897e-01 1.298020259747360683e+00 2.267660993981722584e+01
-9.189669964483365705e-01 1.450890007615381450e+00 2.177611511886912155e+01
-9.128814930984451292e-01 1.590982665747166180e+00 2.116597075500642688e+01
-9.067959897485536880e-01 1.707882504546084590e+00 2.029814051241902817e+01
-9.007104863986625798e-01 1.829233905978121300e+00 1.905375153389829634e+01
-8.946249830487713606e-01 1.951074509090467757e+00 1.742212525456984196e+01
-8.885394796988801414e-01 2.053503017857480017e+00 1.527909333170339679e+01
-8.824539763489888111e-01 2.160589134382071563e+00 1.323635362603815402e+01
-8.763684729990972588e-01 2.244927389669086892e+00 1.143115882688045737e+01
-8.702829696492060396e-01 2.313566367432912330e+00 9.365779548166500490e+00
-8.641974662993148204e-01 2.358244275736460338e+00 6.966167102478596718e+00
-8.581119629494236012e-01 2.380699744149204378e+00 4.922417001202926912e+00
-8.520264595995322709e-01 2.396481409063177637e+00 2.433863185731783840e+00
-8.459409562496407187e-01 2.403526057887287237e+00 2.878297646605914029e-01
-8.398554528997496105e-01 2.399188734125228706e+00 -1.601991619546066836e+00
-8.337699495498583913e-01 2.375000841470829016e+00 -3.140183375202525440e+00
-8.276844461999671720e-01 2.353056869361303427e+00 -4.375557470661360249e+00
-8.215989428500759528e-01 2.308701960081549487e+00 -5.692703211347308390e+00
-8.155134395001842895e-01 2.262443279639491323e+00 -6.855816199081976592e+00
-8.094279361502930703e-01 2.216077113760459127e+00 -8.258895233292792071e+00
-8.033424328004018511e-01 2.167148311245782111e+00 -9.411558551027171760e+00
-7.972569294505106319e-01 2.114425047695689841e+00 -1.105477381156131322e+01
-7.911714261006194127e-01 2.050051764437267110e+00 -1.252243224921884490e+01
-7.850859227507277494e-01 1.986315133429766178e+00 -1.417682573808967206e+01
-7.790004194008367522e-01 1.896593388039178762e+00 -1.624657269467209986e+01
-7.729149160509455330e-01 1.802260130571085028e+00 -1.875677281678396469e+01
-7.668294127010543138e-01 1.680318238735832637e+00 -2.153657071053805794e+01
-7.607439093511629835e-01 1.546648926067476282e+00 -2.430951993388368848e+01
-7.546584060012714312e-01 1.399712074439797505e+00 -2.759366436431183800e+01
-7.485729026513802120e-01 1.227391388183669108e+00 -3.071739523240300329e+01
-7.424873993014889928e-01 1.025704273148900114e+00 -2.961562958638874932e+01
-7.364018959515977736e-01 8.038163156541955345e-01 -2.761182012603516966e+01
-7.303163926017064433e-01 5.706951145182799223e-01 -2.541525915271443381e+01
-7.242308892518148911e-01 3.071017641818052368e-01 -2.300070997056567634e+01
-7.181453859019237829e-01 2.728527217194098853e-02 -2.016905125068004168e+01
-7.120598825520325637e-01 0.000000000000000000e+00 0.000000000000000000e+00
-7.059743792021413444e-01 0.000000000000000000e+00 0.000000000000000000e+00
-6.998888758522500142e-01 0.000000000000000000e+00 0.000000000000000000e+00
-6.938033725023584619e-01 0.000000000000000000e+00 0.000000000000000000e+00
-6.877178691524672427e-01 0.000000000000000000e+00 0.000000000000000000e+00
-6.816323658025760235e-01 0.000000000000000000e+00 0.000000000000000000e+00
-6.755468624526848043e-01 0.000000000000000000e+00 0.000000000000000000e+00
-6.694613591027934740e-01 0.000000000000000000e+00 0.000000000000000000e+00
-6.633758557529019217e-01 0.000000000000000000e+00 0.000000000000000000e+00
-6.572903524030108136e-01 0.000000000000000000e+00 0.000000000000000000e+00
-6.512048490531195943e-01 0.000000000000000000e+00 0.000000000000000000e+00
-6.451193457032283751e-01 0.000000000000000000e+00 0.000000000000000000e+00
-6.390338423533371559e-01 0.000000000000000000e+00 0.000000000000000000e+00
-6.329483390034454926e-01 0.000000000000000000e+00 0.000000000000000000e+00
-6.268628356535542734e-01 0.000000000000000000e+00 0.000000000000000000e+00
-6.207773323036630542e-01 0.000000000000000000e+00 0.000000000000000000e+00
-6.146918289537718350e-01 0.000000000000000000e+00 0.000000000000000000e+00
-6.086063256038806157e-01 0.000000000000000000e+00 0.000000000000000000e+00
-6.025208222539889524e-01 0.000000000000000000e+00 0.000000000000000000e+00
-5.964353189040979553e-01 0.000000000000000000e+00 0.000000000000000000e+00
-5.903498155542067360e-01 0.000000000000000000e+00 0.000000000000000000e+00
-5.842643122043155168e-01 0.000000000000000000e+00 0.000000000000000000e+00
-5.781788088544242976e-01 0.000000000000000000e+00 0.000000000000000000e+00
-5.720933055045326343e-01 0.000000000000000000e+00 0.000000000000000000e+00
-5.660078021546414151e-01 0.000000000000000000e+00 0.000000000000000000e+00
-5.599222988047501959e-01 0.000000000000000000e+00 0.000000000000000000e+00
-5.538367954548589767e-01 0.000000000000000000e+00 0.000000000000000000e+00
-5.477512921049677574e-01 0.000000000000000000e+00 0.000000000000000000e+00
-5.416657887550760941e-01 0.000000000000000000e+00 0.000000000000000000e+00
-5.355802854051850970e-01 0.000000000000000000e+00 0.000000000000000000e+00
-5.294947820552938778e-01 0.000000000000000000e+00 0.000000000000000000e+00
-5.234092787054026585e-01 4.151629614900897991e-02 2.012219284533216523e+01
-5.173237753555113283e-01 2.887892478633702353e-01 2.373101298825612915e+01
-5.112382720056197760e-01 5.363937022070501826e-01 2.740590960752433602e+01
-5.051527686557285568e-01 7.884763287130134302e-01 3.149542682248252135e+01
-4.990672653058373376e-01 1.016885044673777827e+00 3.551170299194666313e+01
-4.929817619559461184e-01 1.224539818356518595e+00 3.901853047362286731e+01
-4.868962586060547881e-01 1.444151590363468074e+00 3.943237673769313290e+01
-4.808107552561632358e-01 1.667787547234077294e+00 3.999794148094835577e+01
-4.747252519062721277e-01 1.916655254344739490e+00 4.032135805101682280e+01
-4.686397485563809084e-01 2.161065875178362461e+00 4.101053444528750447e+01
-4.625542452064896892e-01 2.415990275199689563e+00 4.194487058785766465e+01
-4.564687418565983590e-01 2.688447855177432899e+00 4.251865583292525486e+01
-4.503832385067068067e-01 2.970469770917709695e+00 4.277125098190479235e+01
-4.442977351568155875e-01 3.242233923629292747e+00 4.243174349614618279e+01
-4.382122318069243683e-01 3.512582492150059466e+00 4.185863124078572639e+01
-4.321267284570331491e-01 3.777096323088152019e+00 4.084991078270279274e+01
-4.260412251071418188e-01 4.031625815404886737e+00 3.930586790114528384e+01
-4.199557217572502665e-01 4.270633458528312332e+00 3.719481066157666049e+01
-4.138702184073591583e-01 4.498840426220002797e+00 3.502934290807937145e+01
-4.077847150574679391e-01 4.708374281555030905e+00 3.272378898328845054e+01
-4.016992117075767199e-01 4.901912964308678511e+00 3.028507275423285350e+01
-3.956137083576855007e-01 5.080407763005460708e+00 2.761267027420964837e+01
-3.895282050077938374e-01 5.233961219713670232e+00 2.499508888478747792e+01
-3.834427016579026182e-01 5.373945759745360817e+00 2.221756385934382649e+01
-3.773571983080113990e-01 5.503989766939426431e+00 1.945028877510931764e+01
-3.712716949581201797e-01 5.620095440063998637e+00 1.659299417117105691e+01
-3.651861916082289605e-01 5.711995789936359813e+00 1.375042925662328841e+01
-3.591006882583372972e-01 5.791710429920360781e+00 1.107023456303588027e+01
-3.530151849084463000e-01 5.850891019144611960e+00 8.392014747808232755e+00
-3.469296815585550808e-01 5.892022256527841506e+00 5.455587661806339028e+00
-3.408441782086638616e-01 5.911680180442562715e+00 2.390907552417040449e+00
-3.347586748587726424e-01 5.917190596041699280e+00 -5.479144431488393030e-01
-3.286731715088809791e-01 5.907640714888039213e+00 -3.582932916180431082e+00
-3.225876681589897599e-01 5.884642098346599681e+00 -6.592892225451651100e+00
-3.165021648090985407e-01 5.835989736854905630e+00 -9.604017843490588291e+00
-3.104166614592073214e-01 5.765594199259140851e+00 -1.246813447243756379e+01
-3.043311581093161022e-01 5.678652438143998893e+00 -1.548694933929854223e+01
-2.982456547594244389e-01 5.573670927281845877e+00 -1.853093169541528695e+01
-2.921601514095333307e-01 5.449680341910028147e+00 -2.164244769409292957e+01
-2.860746480596421115e-01 5.307569428938059275e+00 -2.460327854874622489e+01
-2.799891447097508923e-01 5.152931439453421802e+00 -2.739358413383229518e+01
-2.739036413598596731e-01 4.974731775202720030e+00 -2.986939809901426557e+01
-2.678181380099680098e-01 4.779940245797480003e+00 -3.235467874183378711e+01
-2.617326346600767906e-01 4.567590218924109990e+00 -3.462736650035002839e+01
-2.556471313101855714e-01 4.338756396587875486e+00 -3.634667786528225975e+01
-2.495616279602943521e-01 4.098556719139494930e+00 -3.789351025874984202e+01
-2.434761246104031329e-01 3.860949216236114978e+00 -3.906349308683530808e+01
-2.373906212605114696e-01 3.604725868600979766e+00 -3.968086720236304643e+01
-2.313051179106204724e-01 3.342430793552082946e+00 -3.991820552654732523e+01
-2.252196145607292532e-01 3.095691129872108149e+00 -3.934336580058261745e+01
-2.191341112108380340e-01 2.846920603265793659e+00 -3.817921702429122632e+01
-2.130486078609468148e-01 2.597521594818815061e+00 -3.682803179122052484e+01
-2.069631045110551515e-01 2.365159742931773224e+00 -3.468746149817473423e+01
-2.008776011611639323e-01 2.138366484389592870e+00 -3.164725179136679145e+01
-1.947920978112727131e-01 1.944514552833446430e+00 -2.836902691774382390e+01
-1.887065944613814938e-01 1.775159188163996760e+00 -2.437141607920980491e+01
-1.826210911114902746e-01 1.619778107882353879e+00 -1.979309726362583888e+01
-1.765355877615986113e-01 1.493819237137298472e+00 -1.515828819861895482e+01
-1.704500844117076142e-01 1.416536225639923430e+00 -1.059787504384929235e+01
-1.643645810618163949e-01 1.369293046461240948e+00 -6.164712989910493768e+00
-1.582790777119251757e-01 1.363797261349532164e+00 -1.846989491389312565e+00
-1.521935743620339565e-01 1.393011997793628609e+00 2.014089157833321764e+00
-1.461080710121422932e-01 1.442701606818644677e+00 5.353985345148352337e+00
-1.400225676622510740e-01 1.493432443578853963e+00 7.473264083630719590e+00
-1.339370643123598548e-01 1.569360737321261468e+00 8.965158187665132061e+00
-1.278515609624686356e-01 1.662760580793360532e+00 9.796322720030739006e+00
-1.217660576125774163e-01 1.742345571052098308e+00 9.829336739086178554e+00
-1.156805542626857530e-01 1.819636194668991180e+00 9.079317139452427909e+00
-1.095950509127945338e-01 1.871321961795494815e+00 7.936659038018079926e+00
-1.035095475629033146e-01 1.914868048294657399e+00 5.916860260622945233e+00
-9.742404421301209538e-02 1.959952808643162570e+00 2.889093526045761529e+00
-9.133854086312087617e-02 1.991176614322810678e+00 1.300604019349378693e-01
-8.525303751322921286e-02 1.995223755487273820e+00 -3.112184535774866312e+00
-7.916753416333799365e-02 1.976418095206891934e+00 -6.360990760416582290e+00
-7.308203081344677443e-02 1.929431466689855768e+00 -1.025866155720532191e+01
-6.699652746355555522e-02 1.838576464102366970e+00 -1.521907630045888027e+01
-6.091102411366433600e-02 1.750260401168731050e+00 -2.058836423382716774e+01
-5.482552076377267269e-02 1.630244100489608883e+00 -2.609589931888088543e+01
-4.874001741388167552e-02 1.484223655984067136e+00 -3.152937406511249918e+01
-4.265451406399045631e-02 1.290576855576915705e+00 -3.170532094180970972e+01
-3.656901071409923709e-02 1.033795410556223260e+00 -3.021234661637265262e+01
-3.048350736420801788e-02 7.382710191854471304e-01 -2.876114432177565305e+01
-2.439800401431635457e-02 4.071569282525260292e-01 -2.678897712740113590e+01
-1.831250066442513535e-02 5.769698027472358604e-02 -2.438949698401820143e+01
-1.222699731453391614e-02 0.000000000000000000e+00 0.000000000000000000e+00
-6.141493964642696923e-03 0.000000000000000000e+00 0.000000000000000000e+00
-5.599061475147770750e-05 0.000000000000000000e+00 0.000000000000000000e+00
6.029512735140185598e-03 0.000000000000000000e+00 0.000000000000000000e+00
1.211501608503118277e-02 0.000000000000000000e+00 0.000000000000000000e+00
1.820051943492240198e-02 0.000000000000000000e+00 0.000000000000000000e+00
2.428602278481362120e-02 0.000000000000000000e+00 0.000000000000000000e+00
3.037152613470484042e-02 0.000000000000000000e+00 0.000000000000000000e+00
3.645702948459650372e-02 0.000000000000000000e+00 0.000000000000000000e+00
4.254253283448772294e-02 0.000000000000000000e+00 0.000000000000000000e+00
4.862803618437894215e-02 0.000000000000000000e+00 0.000000000000000000e+00
5.471353953427016137e-02 0.000000000000000000e+00 0.000000000000000000e+00
6.079904288416138058e-02 0.000000000000000000e+00 0.000000000000000000e+00
6.688454623405304389e-02 0.000000000000000000e+00 0.000000000000000000e+00
7.297004958394426311e-02 0.000000000000000000e+00 0.000000000000000000e+00
7.905555293383548232e-02 0.000000000000000000e+00 0.000000000000000000e+00
8.514105628372670154e-02 0.000000000000000000e+00 0.000000000000000000e+00
9.122655963361769871e-02 0.000000000000000000e+00 0.000000000000000000e+00
9.731206298350958406e-02 0.000000000000000000e+00 0.000000000000000000e+00
1.033975663334008033e-01 0.000000000000000000e+00 0.000000000000000000e+00
1.094830696832920225e-01 0.000000000000000000e+00 0.000000000000000000e+00
1.155685730331832417e-01 0.000000000000000000e+00 0.000000000000000000e+00
1.216540763830742389e-01 0.000000000000000000e+00 0.000000000000000000e+00
1.277395797329661242e-01 0.000000000000000000e+00 0.000000000000000000e+00
1.338250830828571214e-01 0.000000000000000000e+00 0.000000000000000000e+00
1.399105864327483406e-01 0.000000000000000000e+00 0.000000000000000000e+00
1.459960897826395598e-01 0.000000000000000000e+00 0.000000000000000000e+00
1.520815931325305570e-01 0.000000000000000000e+00 0.000000000000000000e+00
1.581670964824224423e-01 0.000000000000000000e+00 0.000000000000000000e+00
1.642525998323136616e-01 0.000000000000000000e+00 0.000000000000000000e+00
1.703381031822048808e-01 0.000000000000000000e+00 0.000000000000000000e+00
1.764236065320961000e-01 0.000000000000000000e+00 0.000000000000000000e+00
1.825091098819870972e-01 0.000000000000000000e+00 0.000000000000000000e+00
1.885946132318789825e-01 0.000000000000000000e+00 0.000000000000000000e+00
1.946801165817699797e-01 0.000000000000000000e+00 0.000000000000000000e+00
2.007656199316611989e-01 0.000000000000000000e+00 0.000000000000000000e+00
2.068511232815524181e-01 0.000000000000000000e+00 0.000000000000000000e+00
2.129366266314436373e-01 0.000000000000000000e+00 0.000000000000000000e+00
2.190221299813353006e-01 0.000000000000000000e+00 0.000000000000000000e+00
2.251076333312265199e-01 0.000000000000000000e+00 0.000000000000000000e+00
2.311931366811177391e-01 0.000000000000000000e+00 0.000000000000000000e+00
2.372786400310089583e-01 0.000000000000000000e+00 0.000000000000000000e+00
2.433641433809001775e-01 0.000000000000000000e+00 0.000000000000000000e+00
2.494496467307918408e-01 0.000000000000000000e+00 0.000000000000000000e+00
2.555351500806830600e-01 0.000000000000000000e+00 0.000000000000000000e+00
2.616206534305742792e-01 0.000000000000000000e+00 0.000000000000000000e+00
2.677061567804654985e-01 0.000000000000000000e+00 0.000000000000000000e+00
2.737916601303564956e-01 0.000000000000000000e+00 0.000000000000000000e+00
2.798771634802483810e-01 0.000000000000000000e+00 0.000000000000000000e+00
2.859626668301396002e-01 0.000000000000000000e+00 0.000000000000000000e+00
2.920481701800308194e-01 0.000000000000000000e+00 0.000000000000000000e+00
2.981336735299220386e-01 0.000000000000000000e+00 0.000000000000000000e+00
3.042191768798130358e-01 0.000000000000000000e+00 0.000000000000000000e+00
3.103046802297049211e-01 0.000000000000000000e+00 0.000000000000000000e+00
3.163901835795959183e-01 0.000000000000000000e+00 0.000000000000000000e+00
3.224756869294871375e-01 0.000000000000000000e+00 0.000000000000000000e+00
3.285611902793783567e-01 0.000000000000000000e+00 0.000000000000000000e+00
3.346466936292693539e-01 0.000000000000000000e+00 0.000000000000000000e+00
3.407321969791612393e-01 0.000000000000000000e+00 0.000000000000000000e+00
3.468177003290524585e-01 0.000000000000000000e+00 0.000000000000000000e+00
3.529032036789436777e-01 0.000000000000000000e+00 0.000000000000000000e+00
3.589887070288348969e-01 0.000000000000000000e+00 0.000000000000000000e+00
3.650742103787258941e-01 0.000000000000000000e+00 0.000000000000000000e+00
3.711597137286177794e-01 0.000000000000000000e+00 0.000000000000000000e+00
3.772452170785087766e-01 0.000000000000000000e+00 0.000000000000000000e+00
3.833307204283999958e-01 0.000000000000000000e+00 0.000000000000000000e+00
3.894162237782912150e-01 0.000000000000000000e+00 0.000000000000000000e+00
3.955017271281822122e-01 0.000000000000000000e+00 0.000000000000000000e+00
4.015872304780740976e-01 0.000000000000000000e+00 0.000000000000000000e+00
4.076727338279653168e-01 0.000000000000000000e+00 0.000000000000000000e+00
4.137582371778565360e-01 0.000000000000000000e+00 0.000000000000000000e+00
4.198437405277477552e-01 0.000000000000000000e+00 0.000000000000000000e+00
4.259292438776387524e-01 0.000000000000000000e+00 0.000000000000000000e+00
4.320147472275306377e-01 0.000000000000000000e+00 0.000000000000000000e+00
4.381002505774216349e-01 0.000000000000000000e+00 0.000000000000000000e+00
4.441857539273128541e-01 0.000000000000000000e+00 0.000000000000000000e+00
4.502712572772040733e-01 0.000000000000000000e+00 0.000000000000000000e+00
4.563567606270950705e-01 0.000000000000000000e+00 0.000000000000000000e+00
4.624422639769869559e-01 0.000000000000000000e+00 0.000000000000000000e+00
4.685277673268781751e-01 0.000000000000000000e+00 0.000000000000000000e+00
4.746132706767693943e-01 0.000000000000000000e+00 0.000000000000000000e+00
4.806987740266606135e-01 0.000000000000000000e+00 0.000000000000000000e+00
4.867842773765516107e-01 0.000000000000000000e+00 0.000000000000000000e+00
4.928697807264434960e-01 0.000000000000000000e+00 0.000000000000000000e+00
4.989552840763344932e-01 0.000000000000000000e+00 0.000000000000000000e+00
5.050407874262257124e-01 0.000000000000000000e+00 0.000000000000000000e+00
5.111262907761169316e-01 0.000000000000000000e+00 0.000000000000000000e+00
5.172117941260081508e-01 0.000000000000000000e+00 0.000000000000000000e+00
5.232972974758998141e-01 0.000000000000000000e+00 0.000000000000000000e+00
5.293828008257910334e-01 0.000000000000000000e+00 0.000000000000000000e+00
5.354683041756822526e-01 0.000000000000000000e+00 0.000000000000000000e+00
5.415538075255734718e-01 0.000000000000000000e+00 0.000000000000000000e+00
5.476393108754646910e-01 0.000000000000000000e+00 0.000000000000000000e+00
5.537248142253563543e-01 0.000000000000000000e+00 0.000000000000000000e+00
5.598103175752475735e-01 0.000000000000000000e+00 0.000000000000000000e+00
5.658958209251387927e-01 0.000000000000000000e+00 0.000000000000000000e+00
5.719813242750300120e-01 0.000000000000000000e+00 0.000000000000000000e+00
5.780668276249210091e-01 0.000000000000000000e+00 0.000000000000000000e+00
5.841523309748128945e-01 0.000000000000000000e+00 0.000000000000000000e+00
5.902378343247041137e-01 0.000000000000000000e+00 0.000000000000000000e+00
5.963233376745953329e-01 0.000000000000000000e+00 0.000000000000000000e+00
6.024088410244865521e-01 0.000000000000000000e+00 0.000000000000000000e+00
6.084943443743775493e-01 0.000000000000000000e+00 0.000000000000000000e+00
6.145798477242694347e-01 0.000000000000000000e+00 0.000000000000000000e+00
6.206653510741604318e-01 0.000000000000000000e+00 0.000000000000000000e+00
6.267508544240516510e-01 0.000000000000000000e+00 0.000000000000000000e+00
6.328363577739428703e-01 0.000000000000000000e+00 0.000000000000000000e+00
6.389218611238338674e-01 0.000000000000000000e+00 0.000000000000000000e+00
6.450073644737257528e-01 0.000000000000000000e+00 0.000000000000000000e+00
6.510928678236169720e-01 0.000000000000000000e+00 0.000000000000000000e+00
6.571783711735081912e-01 0.000000000000000000e+00 0.000000000000000000e+00
6.632638745233994104e-01 0.000000000000000000e+00 0.000000000000000000e+00
6.693493778732904076e-01 0.000000000000000000e+00 0.000000000000000000e+00
6.754348812231822929e-01 0.000000000000000000e+00 0.000000000000000000e+00
6.815203845730732901e-01 0.000000000000000000e+00 0.000000000000000000e+00
6.876058879229645093e-01 0.000000000000000000e+00 0.000000000000000000e+00
6.936913912728557285e-01 0.000000000000000000e+00 0.000000000000000000e+00
6.997768946227467257e-01 0.000000000000000000e+00 0.000000000000000000e+00
7.058623979726386111e-01 0.000000000000000000e+00 0.000000000000000000e+00
7.119479013225298303e-01 0.000000000000000000e+00 0.000000000000000000e+00
7.180334046724210495e-01 0.000000000000000000e+00 0.000000000000000000e+00
7.241189080223122687e-01 0.000000000000000000e+00 0.000000000000000000e+00
7.302044113722032659e-01 0.000000000000000000e+00 0.000000000000000000e+00
7.362899147220951512e-01 0.000000000000000000e+00 0.000000000000000000e+00
7.423754180719863704e-01 0.000000000000000000e+00 0.000000000000000000e+00
7.484609214218775897e-01 0.000000000000000000e+00 0.000000000000000000e+00
7.545464247717688089e-01 0.000000000000000000e+00 0.000000000000000000e+00
7.606319281216595840e-01 0.000000000000000000e+00 0.000000000000000000e+00
7.667174314715516914e-01 0.000000000000000000e+00 0.000000000000000000e+00
7.728029348214429106e-01 0.000000000000000000e+00 0.000000000000000000e+00
7.788884381713341298e-01 0.000000000000000000e+00 0.000000000000000000e+00
7.849739415212253490e-01 0.000000000000000000e+00 0.000000000000000000e+00
7.910594448711161242e-01 0.000000000000000000e+00 0.000000000000000000e+00
7.971449482210082316e-01 0.000000000000000000e+00 0.000000000000000000e+00
8.032304515708992287e-01 0.000000000000000000e+00 0.000000000000000000e+00
8.093159549207904480e-01 0.000000000000000000e+00 0.000000000000000000e+00
8.154014582706816672e-01 0.000000000000000000e+00 0.000000000000000000e+00
8.214869616205726643e-01 0.000000000000000000e+00 0.000000000000000000e+00
8.275724649704645497e-01 0.000000000000000000e+00 0.000000000000000000e+00
8.336579683203557689e-01 0.000000000000000000e+00 0.000000000000000000e+00
8.397434716702469881e-01 0.000000000000000000e+00 0.000000000000000000e+00
8.458289750201382073e-01 0.000000000000000000e+00 0.000000000000000000e+00
8.519144783700292045e-01 0.000000000000000000e+00 0.000000000000000000e+00
8.579999817199210899e-01 0.000000000000000000e+00 0.000000000000000000e+00
8.640854850698120870e-01 0.000000000000000000e+00 0.000000000000000000e+00
8.701709884197033062e-01 0.000000000000000000e+00 0.000000000000000000e+00
8.762564917695945255e-01 0.000000000000000000e+00 0.000000000000000000e+00
8.823419951194855226e-01 0.000000000000000000e+00 0.000000000000000000e+00
8.884274984693774080e-01 0.000000000000000000e+00 0.000000000000000000e+00
8.945130018192686272e-01 0.000000000000000000e+00 0.000000000000000000e+00
9.005985051691598464e-01 0.000000000000000000e+00 0.000000000000000000e+00
9.066840085190510656e-01 0.000000000000000000e+00 0.000000000000000000e+00
9.127695118689420628e-01 0.000000000000000000e+00 0.000000000000000000e+00
9.188550152188339482e-01 0.000000000000000000e+00 0.000000000000000000e+00
9.249405185687251674e-01 0.000000000000000000e+00 0.000000000000000000e+00
9.310260219186163866e-01 0.000000000000000000e+00 0.000000000000000000e+00
9.371115252685076058e-01 0.000000000000000000e+00 0.000000000000000000e+00
9.431970286183983809e-01 0.000000000000000000e+00 0.000000000000000000e+00
9.492825319682904883e-01 0.000000000000000000e+00 0.000000000000000000e+00
9.553680353181817075e-01 0.000000000000000000e+00 0.000000000000000000e+00
9.614535386680729268e-01 0.000000000000000000e+00 0.000000000000000000e+00
9.675390420179641460e-01 0.000000000000000000e+00 0.000000000000000000e+00
9.736245453678549211e-01 0.000000000000000000e+00 0.000000000000000000e+00
9.797100487177470285e-01 0.000000000000000000e+00 0.000000000000000000e+00
9.857955520676380257e-01 0.000000000000000000e+00 0.000000000000000000e+00
9.918810554175292449e-01 0.000000000000000000e+00 0.000000000000000000e+00
9.979665587674204641e-01 0.000000000000000000e+00 0.000000000000000000e+00
1.004052062117311461e+00 0.000000000000000000e+00 0.000000000000000000e+00
1.010137565467203347e+00 0.000000000000000000e+00 0.000000000000000000e+00
1.016223068817094566e+00 0.000000000000000000e+00 0.000000000000000000e+00
1.022308572166985785e+00 0.000000000000000000e+00 0.000000000000000000e+00
1.028394075516877004e+00 0.000000000000000000e+00 0.000000000000000000e+00
1.034479578866768001e+00 0.000000000000000000e+00 0.000000000000000000e+00
1.040565082216659887e+00 0.000000000000000000e+00 0.000000000000000000e+00
1.046650585566550884e+00 0.000000000000000000e+00 0.000000000000000000e+00
1.052736088916442103e+00 0.000000000000000000e+00 0.000000000000000000e+00
1.058821592266333322e+00 0.000000000000000000e+00 0.000000000000000000e+00
1.064907095616224320e+00 0.000000000000000000e+00 0.000000000000000000e+00
1.070992598966116205e+00 0.000000000000000000e+00 0.000000000000000000e+00
1.077078102316007424e+00 0.000000000000000000e+00 0.000000000000000000e+00
1.083163605665898643e+00 0.000000000000000000e+00 0.000000000000000000e+00
1.089249109015789863e+00 0.000000000000000000e+00 0.000000000000000000e+00
1.095334612365680860e+00 0.000000000000000000e+00 0.000000000000000000e+00
1.101420115715572745e+00 0.000000000000000000e+00 0.000000000000000000e+00
1.107505619065463964e+00 0.000000000000000000e+00 0.000000000000000000e+00
1.113591122415355184e+00 0.000000000000000000e+00 0.000000000000000000e+00
1.119676625765246403e+00 0.000000000000000000e+00 0.000000000000000000e+00
1.125762129115137178e+00 0.000000000000000000e+00 0.000000000000000000e+00
1.131847632465029285e+00 0.000000000000000000e+00 0.000000000000000000e+00
1.137933135814920504e+00 0.000000000000000000e+00 0.000000000000000000e+00
1.144018639164811724e+00 0.000000000000000000e+00 0.000000000000000000e+00
1.150104142514702943e+00 0.000000000000000000e+00 0.000000000000000000e+00
1.156189645864593718e+00 0.000000000000000000e+00 0.000000000000000000e+00
1.162275149214485825e+00 0.000000000000000000e+00 0.000000000000000000e+00
1.168360652564376823e+00 0.000000000000000000e+00 0.000000000000000000e+00
1.174446155914268042e+00 0.000000000000000000e+00 0.000000000000000000e+00
1.180531659264159261e+00 0.000000000000000000e+00 0.000000000000000000e+00
1.186617162614050036e+00 0.000000000000000000e+00 0.000000000000000000e+00
1.192702665963942144e+00 0.000000000000000000e+00 0.000000000000000000e+00
1.198788169313833363e+00 0.000000000000000000e+00 0.000000000000000000e+00
1.204873672663724582e+00 0.000000000000000000e+00 0.000000000000000000e+00
1.210959176013615801e+00 0.000000000000000000e+00 0.000000000000000000e+00
1.217044679363506576e+00 0.000000000000000000e+00 0.000000000000000000e+00
1.223130182713398684e+00 0.000000000000000000e+00 0.000000000000000000e+00
1.229215686063289681e+00 0.000000000000000000e+00 0.000000000000000000e+00
1.235301189413180900e+00 0.000000000000000000e+00 0.000000000000000000e+00
1.241386692763072119e+00 0.000000000000000000e+00 0.000000000000000000e+00
1.247472196112962894e+00 0.000000000000000000e+00 0.000000000000000000e+00
1.253557699462855002e+00 0.000000000000000000e+00 0.000000000000000000e+00
1.259643202812746221e+00 0.000000000000000000e+00 0.000000000000000000e+00
1.265728706162637440e+00 0.000000000000000000e+00 0.000000000000000000e+00
1.271814209512528659e+00 0.000000000000000000e+00 0.000000000000000000e+00
1.277899712862419435e+00 0.000000000000000000e+00 0.000000000000000000e+00
1.283985216212311542e+00 0.000000000000000000e+00 0.000000000000000000e+00
1.290070719562202317e+00 0.000000000000000000e+00 0.000000000000000000e+00
1.296156222912093536e+00 0.000000000000000000e+00 0.000000000000000000e+00
1.302241726261984978e+00 0.000000000000000000e+00 0.000000000000000000e+00
1.308327229611875975e+00 0.000000000000000000e+00 0.000000000000000000e+00
1.314412732961767638e+00 0.000000000000000000e+00 0.000000000000000000e+00
1.320498236311658857e+00 0.000000000000000000e+00 0.000000000000000000e+00
1.326583739661550077e+00 0.000000000000000000e+00 0.000000000000000000e+00
1.332669243011441518e+00 0.000000000000000000e+00 0.000000000000000000e+00
1.338754746361332515e+00 0.000000000000000000e+00 0.000000000000000000e+00
1.344840249711224178e+00 0.000000000000000000e+00 0.000000000000000000e+00
