#! FIELDS rc1 external1.bias der_rc1
#! SET min_rc1 -2.6444525467978277
#! SET max_rc1 2.8165382393221248
#! SET nbins_rc1 500
#! SET periodic_rc1 false
-2.644452546797827708e+00 0.000000000000000000e+00 0.000000000000000000e+00
-2.633508677486966043e+00 0.000000000000000000e+00 0.000000000000000000e+00
-2.622564808176104378e+00 0.000000000000000000e+00 0.000000000000000000e+00
-2.611620938865242714e+00 0.000000000000000000e+00 0.000000000000000000e+00
-2.600677069554381049e+00 0.000000000000000000e+00 0.000000000000000000e+00
-2.589733200243519384e+00 0.000000000000000000e+00 0.000000000000000000e+00
-2.578789330932658608e+00 0.000000000000000000e+00 0.000000000000000000e+00
-2.567845461621796943e+00 0.000000000000000000e+00 0.000000000000000000e+00
-2.556901592310935278e+00 0.000000000000000000e+00 0.000000000000000000e+00
-2.545957723000073614e+00 0.000000000000000000e+00 0.000000000000000000e+00
-2.535013853689211949e+00 0.000000000000000000e+00 0.000000000000000000e+00
-2.524069984378350284e+00 0.000000000000000000e+00 0.000000000000000000e+00
-2.513126115067488620e+00 0.000000000000000000e+00 0.000000000000000000e+00
-2.502182245756626955e+00 0.000000000000000000e+00 0.000000000000000000e+00
-2.491238376445765290e+00 0.000000000000000000e+00 0.000000000000000000e+00
-2.480294507134903625e+00 0.000000000000000000e+00 0.000000000000000000e+00
-2.469350637824041961e+00 0.000000000000000000e+00 0.000000000000000000e+00
-2.458406768513180296e+00 0.000000000000000000e+00 0.000000000000000000e+00
-2.447462899202318631e+00 0.000000000000000000e+00 0.000000000000000000e+00
-2.436519029891456967e+00 0.000000000000000000e+00 0.000000000000000000e+00
-2.425575160580595302e+00 0.000000000000000000e+00 0.000000000000000000e+00
-2.414631291269733637e+00 0.000000000000000000e+00 0.000000000000000000e+00
-2.403687421958871973e+00 0.000000000000000000e+00 0.000000000000000000e+00
-2.392743552648010308e+00 0.000000000000000000e+00 0.000000000000000000e+00
-2.381799683337148643e+00 0.000000000000000000e+00 0.000000000000000000e+00
-2.370855814026286978e+00 0.000000000000000000e+00 0.000000000000000000e+00
-2.359911944715426202e+00 0.000000000000000000e+00 0.000000000000000000e+00
-2.348968075404564537e+00 0.000000000000000000e+00 0.000000000000000000e+00
-2.338024206093702873e+00 0.000000000000000000e+00 0.000000000000000000e+00
-2.327080336782841208e+00 0.000000000000000000e+00 0.000000000000000000e+00
-2.316136467471978655e+00 0.000000000000000000e+00 0.000000000000000000e+00
-2.305192598161116990e+00 0.000000000000000000e+00 0.000000000000000000e+00
-2.294248728850255326e+00 0.000000000000000000e+00 0.000000000000000000e+00
-2.283304859539393661e+00 0.000000000000000000e+00 0.000000000000000000e+00
-2.272360990228531996e+00 0.000000000000000000e+00 0.000000000000000000e+00
-2.261417120917670331e+00 0.000000000000000000e+00 0.000000000000000000e+00
-2.250473251606809555e+00 0.000000000000000000e+00 0.000000000000000000e+00
-2.239529382295947890e+00 0.000000000000000000e+00 0.000000000000000000e+00
-2.228585512985086226e+00 0.000000000000000000e+00 0.000000000000000000e+00
-2.217641643674224561e+00 0.000000000000000000e+00 0.000000000000000000e+00
-2.206697774363362896e+00 0.000000000000000000e+00 0.000000000000000000e+00
-2.195753905052501231e+00 0.000000000000000000e+00 0.000000000000000000e+00
-2.184810035741639567e+00 0.000000000000000000e+00 0.000000000000000000e+00
-2.173866166430777902e+00 0.000000000000000000e+00 0.000000000000000000e+00
-2.162922297119916237e+00 0.000000000000000000e+00 0.000000000000000000e+00
-2.151978427809054573e+00 0.000000000000000000e+00 0.000000000000000000e+00
-2.141034558498192908e+00 0.000000000000000000e+00 0.000000000000000000e+00
-2.130090689187331243e+00 0.000000000000000000e+00 0.000000000000000000e+00
-2.119146819876469579e+00 0.000000000000000000e+00 0.000000000000000000e+00
-2.108202950565607914e+00 0.000000000000000000e+00 0.000000000000000000e+00
-2.097259081254746249e+00 0.000000000000000000e+00 0.000000000000000000e+00
-2.086315211943884584e+00 0.000000000000000000e+00 0.000000000000000000e+00
-2.075371342633022920e+00 0.000000000000000000e+00 0.000000000000000000e+00
-2.064427473322161255e+00 0.000000000000000000e+00 0.000000000000000000e+00
-2.053483604011299590e+00 0.000000000000000000e+00 0.000000000000000000e+00
-2.042539734700437926e+00 0.000000000000000000e+00 0.000000000000000000e+00
-2.031595865389577149e+00 0.000000000000000000e+00 0.000000000000000000e+00
-2.020651996078715484e+00 0.000000000000000000e+00 0.000000000000000000e+00
-2.009708126767853820e+00 0.000000000000000000e+00 0.000000000000000000e+00
-1.998764257456991933e+00 0.000000000000000000e+00 0.000000000000000000e+00
-1.987820388146130268e+00 0.000000000000000000e+00 0.000000000000000000e+00
-1.976876518835268604e+00 0.000000000000000000e+00 0.000000000000000000e+00
-1.965932649524406939e+00 0.000000000000000000e+00 0.000000000000000000e+00
-1.954988780213545274e+00 0.000000000000000000e+00 0.000000000000000000e+00
-1.944044910902683609e+00 0.000000000000000000e+00 0.000000000000000000e+00
-1.933101041591821945e+00 0.000000000000000000e+00 0.000000000000000000e+00
-1.922157172280960724e+00 0.000000000000000000e+00 0.000000000000000000e+00
-1.911213302970099059e+00 0.000000000000000000e+00 0.000000000000000000e+00
-1.900269433659237395e+00 0.000000000000000000e+00 0.000000000000000000e+00
-1.889325564348375730e+00 0.000000000000000000e+00 0.000000000000000000e+00
-1.878381695037513843e+00 0.000000000000000000e+00 0.000000000000000000e+00
-1.867437825726652179e+00 0.000000000000000000e+00 0.000000000000000000e+00
-1.856493956415790514e+00 0.000000000000000000e+00 0.000000000000000000e+00
-1.845550087104928849e+00 0.000000000000000000e+00 0.000000000000000000e+00
-1.834606217794067184e+00 0.000000000000000000e+00 0.000000000000000000e+00
-1.823662348483205520e+00 0.000000000000000000e+00 0.000000000000000000e+00
-1.812718479172344299e+00 0.000000000000000000e+00 0.000000000000000000e+00
-1.801774609861482634e+00 0.000000000000000000e+00 0.000000000000000000e+00
-1.790830740550620970e+00 0.000000000000000000e+00 0.000000000000000000e+00
-1.779886871239759305e+00 0.000000000000000000e+00 0.000000000000000000e+00
-1.768943001928897640e+00 0.000000000000000000e+00 0.000000000000000000e+00
-1.757999132618035976e+00 0.000000000000000000e+00 0.000000000000000000e+00
-1.747055263307174311e+00 0.000000000000000000e+00 0.000000000000000000e+00
-1.736111393996312646e+00 0.000000000000000000e+00 0.000000000000000000e+00
-1.725167524685450982e+00 0.000000000000000000e+00 0.000000000000000000e+00
-1.714223655374589317e+00 0.000000000000000000e+00 0.000000000000000000e+00
-1.703279786063728096e+00 0.000000000000000000e+00 0.000000000000000000e+00
-1.692335916752866432e+00 0.000000000000000000e+00 0.000000000000000000e+00
-1.681392047442004767e+00 0.000000000000000000e+00 0.000000000000000000e+00
-1.670448178131143102e+00 0.000000000000000000e+00 0.000000000000000000e+00
-1.659504308820281215e+00 0.000000000000000000e+00 0.000000000000000000e+00
-1.648560439509419551e+00 0.000000000000000000e+00 0.000000000000000000e+00
-1.637616570198557886e+00 0.000000000000000000e+00 0.000000000000000000e+00
-1.626672700887696221e+00 0.000000000000000000e+00 0.000000000000000000e+00
-1.615728831576834557e+00 0.000000000000000000e+00 0.000000000000000000e+00
-1.604784962265972892e+00 0.000000000000000000e+00 0.000000000000000000e+00
-1.593841092955111671e+00 0.000000000000000000e+00 0.000000000000000000e+00
-1.582897223644250007e+00 0.000000000000000000e+00 0.000000000000000000e+00
-1.571953354333388342e+00 0.000000000000000000e+00 0.000000000000000000e+00
-1.561009485022526677e+00 0.000000000000000000e+00 0.000000000000000000e+00
-1.550065615711665012e+00 0.000000000000000000e+00 0.000000000000000000e+00
-1.539121746400803348e+00 0.000000000000000000e+00 0.000000000000000000e+00
-1.528177877089941683e+00 0.000000000000000000e+00 0.000000000000000000e+00
-1.517234007779080018e+00 0.000000000000000000e+00 0.000000000000000000e+00
-1.506290138468218354e+00 0.000000000000000000e+00 0.000000000000000000e+00
-1.495346269157356689e+00 0.000000000000000000e+00 0.000000000000000000e+00
-1.484402399846495468e+00 0.000000000000000000e+00 0.000000000000000000e+00
-1.473458530535633804e+00 0.000000000000000000e+00 0.000000000000000000e+00
-1.462514661224772139e+00 0.000000000000000000e+00 0.000000000000000000e+00
-1.451570791913910474e+00 0.000000000000000000e+00 0.000000000000000000e+00
-1.440626922603048810e+00 0.000000000000000000e+00 0.000000000000000000e+00
-1.429683053292187145e+00 0.000000000000000000e+00 0.000000000000000000e+00
-1.418739183981325480e+00 0.000000000000000000e+00 0.000000000000000000e+00
-1.407795314670463815e+00 0.000000000000000000e+00 0.000000000000000000e+00
-1.396851445359602151e+00 0.000000000000000000e+00 0.000000000000000000e+00
-1.385907576048740486e+00 0.000000000000000000e+00 0.000000000000000000e+00
-1.374963706737879265e+00 0.000000000000000000e+00 0.000000000000000000e+00
-1.364019837427017601e+00 0.000000000000000000e+00 0.000000000000000000e+00
-1.353075968116155936e+00 0.000000000000000000e+00 0.000000000000000000e+00
-1.342132098805294271e+00 0.000000000000000000e+00 0.000000000000000000e+00
-1.331188229494432385e+00 0.000000000000000000e+00 0.000000000000000000e+00
-1.320244360183570720e+00 0.000000000000000000e+00 0.000000000000000000e+00
-1.309300490872709055e+00 0.000000000000000000e+00 0.000000000000000000e+00
-1.298356621561847390e+00 0.000000000000000000e+00 0.000000000000000000e+00
-1.287412752250985726e+00 0.000000000000000000e+00 0.000000000000000000e+00
-1.276468882940124061e+00 0.000000000000000000e+00 0.000000000000000000e+00
-1.265525013629262840e+00 0.000000000000000000e+00 0.000000000000000000e+00
-1.254581144318401176e+00 0.000000000000000000e+00 0.000000000000000000e+00
-1.243637275007539511e+00 0.000000000000000000e+00 0.000000000000000000e+00
-1.232693405696677846e+00 0.000000000000000000e+00 0.000000000000000000e+00
-1.221749536385816182e+00 4.586993173399633861e-02 3.878964131385269098e+01
-1.210805667074954517e+00 1.192240005029976402e+00 4.391072566069387761e+01
-1.199861797764092852e+00 2.410592209599293767e+00 4.814477066160768004e+01
-1.188917928453231188e+00 3.004152146006230595e+00 5.456597341553790415e+01
-1.177974059142369523e+00 3.664599522226119177e+00 5.975094844206505229e+01
-1.167030189831507858e+00 4.245087651540004003e+00 6.454457751457489678e+01
-1.156086320520646638e+00 4.805532429757295887e+00 5.995596997054389021e+01
-1.145142451209784973e+00 5.268900781220370533e+00 5.470614845407752824e+01
-1.134198581898923308e+00 5.971628818795938543e+00 5.365430853600498295e+01
-1.123254712588061643e+00 6.539065709499883639e+00 5.228725841368345328e+01
-1.112310843277199979e+00 7.109544142176819292e+00 5.155193712711306375e+01
-1.101366973966338314e+00 7.753743002665760997e+00 5.073880097261645972e+01
-1.090423104655476649e+00 8.397561601419507582e+00 5.056313187680508037e+01
-1.079479235344614985e+00 8.876009551833107025e+00 4.774670132054653493e+01
-1.068535366033753320e+00 9.386848749252155955e+00 4.572965211327533552e+01
-1.057591496722891655e+00 9.886864277948788526e+00 4.426811786636975654e+01
-1.046647627412030435e+00 1.035832049809860678e+01 4.170345678950398138e+01
-1.035703758101168770e+00 1.080246385329651204e+01 3.932684428992894254e+01
-1.024759888790307105e+00 1.119696541156397274e+01 3.887199788219086827e+01
-1.013816019479445441e+00 1.154365907308838146e+01 3.778628240739269728e+01
-1.002872150168583554e+00 1.195418910785048894e+01 3.678803810246995454e+01
-9.919282808577218891e-01 1.231771481182074268e+01 3.588860947696154824e+01
-9.809844115468602244e-01 1.270144004459539033e+01 3.549607247136101762e+01
-9.700405422359985597e-01 1.313011019858099360e+01 3.518361694884447388e+01
-9.590966729251368950e-01 1.352213011335032888e+01 3.523890640286042952e+01
-9.481528036142752303e-01 1.391289908991306135e+01 3.448355040679783201e+01
-9.372089343034140096e-01 1.428592301674275689e+01 3.401533667057390176e+01
-9.262650649925523449e-01 1.468710763505097106e+01 3.378543711820120166e+01
-9.153211956816906802e-01 1.504741446927965143e+01 3.250697566951112805e+01
-9.043773263708290155e-01 1.540015893639426281e+01 3.174370195513662196e+01
-8.934334570599673508e-01 1.572802379811552242e+01 3.089047891817610036e+01
-8.824895877491056861e-01 1.604030880269795034e+01 2.997177211566979693e+01
-8.715457184382440214e-01 1.639887412891467733e+01 2.856228265677656353e+01
-8.606018491273823567e-01 1.668763113276588683e+01 2.755307976691160476e+01
-8.496579798165206920e-01 1.699611936974991977e+01 2.663911989413754711e+01
-8.387141105056590273e-01 1.729351273221750063e+01 2.582543103761286218e+01
-8.277702411947978067e-01 1.756599458723091445e+01 2.537193838503254284e+01
-8.168263718839361420e-01 1.781292652120747988e+01 2.432905514041540584e+01
-8.058825025730744773e-01 1.806278751008790451e+01 2.384782406509631514e+01
-7.949386332622128126e-01 1.831550940317239906e+01 2.321973795535453533e+01
-7.839947639513510369e-01 1.855432521983855665e+01 2.259065896099443194e+01
-7.730508946404893722e-01 1.881698058118826111e+01 2.212372463562310898e+01
-7.621070253296277075e-01 1.906141412804921487e+01 2.179013212868613891e+01
-7.511631560187660428e-01 1.929750583193424873e+01 2.146264284900154706e+01
-7.402192867079043781e-01 1.953725714590846252e+01 2.097281866857710497e+01
-7.292754173970427134e-01 1.976580492537117095e+01 2.048591722291113371e+01
-7.183315480861814928e-01 1.998718609804839375e+01 1.971804915571365058e+01
-7.073876787753198281e-01 2.019761010403495050e+01 1.896831821290333764e+01
-6.964438094644581634e-01 2.041163109413960797e+01 1.830617020835986963e+01
-6.854999401535964987e-01 2.061074726906545607e+01 1.770636733063689761e+01
-6.745560708427346119e-01 2.079627722784523058e+01 1.716425279260168679e+01
-6.636122015318729472e-01 2.097489811144102134e+01 1.667549232185077912e+01
-6.526683322210112825e-01 2.113728208373772333e+01 1.628660308097742160e+01
-6.417244629101496178e-01 2.130090917536104200e+01 1.565985811543489348e+01
-6.307805935992879531e-01 2.147501884627446600e+01 1.517499154775935111e+01
-6.198367242884262884e-01 2.164423831917940788e+01 1.481369130742252338e+01
-6.088928549775650678e-01 2.181213018469450304e+01 1.446044187572988626e+01
-5.979489856667034031e-01 2.197999466039588157e+01 1.420522842448667333e+01
-5.870051163558417384e-01 2.212542550055915314e+01 1.386017894875859113e+01
-5.760612470449800737e-01 2.227147851198652972e+01 1.336574306179204719e+01
-5.651173777341182980e-01 2.241746824464402010e+01 1.290442007515489742e+01
-5.541735084232566333e-01 2.255742997209401324e+01 1.238748034405588960e+01
-5.432296391123949686e-01 2.269188371782291824e+01 1.185334073559042167e+01
-5.322857698015333039e-01 2.281774904576474228e+01 1.159673598008485129e+01
-5.213419004906716392e-01 2.293774829938255522e+01 1.120227002730455546e+01
-5.103980311798099745e-01 2.305648118752894504e+01 1.075740818134128851e+01
-4.994541618689487539e-01 2.316779984445663843e+01 1.024649563788170603e+01
-4.885102925580870892e-01 2.327720877947000844e+01 9.680588336107327052e+00
-4.775664232472254245e-01 2.339455713054530150e+01 9.133550733863254223e+00
-4.666225539363637598e-01 2.349744030362456471e+01 8.523815779671181758e+00
-4.556786846255020951e-01 2.359474493724594168e+01 7.917127748488089090e+00
-4.447348153146404304e-01 2.367879306364692837e+01 7.262133802719150211e+00
-4.337909460037787657e-01 2.375131465384902185e+01 6.547788150112537231e+00
-4.228470766929171010e-01 2.381731290151998337e+01 5.660645132946825697e+00
-4.119032073820554363e-01 2.387058355860836656e+01 4.926272577157779331e+00
-4.009593380711937716e-01 2.392292130149743912e+01 4.178850997442167703e+00
-3.900154687603325510e-01 2.396255827700613139e+01 3.636577179676274696e+00
-3.790715994494708863e-01 2.399379015737040532e+01 3.174986761524704715e+00
-3.681277301386092216e-01 2.401405073604664864e+01 2.790994306997943042e+00
-3.571838608277475569e-01 2.403656513636551750e+01 2.415281677030402196e+00
-3.462399915168858922e-01 2.405207292910164085e+01 2.024141751387234844e+00
-3.352961222060242275e-01 2.407677531757931888e+01 1.755037119369703635e+00
-3.243522528951625628e-01 2.409878105566744466e+01 1.477828572745045310e+00
-3.134083835843008981e-01 2.412275567095142748e+01 1.287283818871484575e+00
-3.024645142734392333e-01 2.413490882883176170e+01 9.796502971103151491e-01
-2.915206449625775686e-01 2.414444072943584274e+01 7.071589791012639070e-01
-2.805767756517163480e-01 2.415462724570706143e+01 2.326912735643071328e-01
-2.696329063408546833e-01 2.415552178501019398e+01 -1.887185640412246956e-01
-2.586890370299930186e-01 2.415492939484381196e+01 -6.510768651095426574e-01
-2.477451677191313539e-01 2.414377678458473753e+01 -9.821444680105553271e-01
-2.368012984082696892e-01 2.412946348359451321e+01 -1.472013473593513311e+00
-2.258574290974080245e-01 2.410224074645597625e+01 -1.931463082151672284e+00
-2.149135597865463598e-01 2.407812794265344536e+01 -2.266558092627795951e+00
-2.039696904756846951e-01 2.405150266972058404e+01 -2.752845705379221020e+00
-1.930258211648230304e-01 2.402742422180882897e+01 -3.081455888053480141e+00
-1.820819518539613657e-01 2.398334549864749476e+01 -3.441746226612000914e+00
-1.711380825431001451e-01 2.394325045020883636e+01 -3.694355607833972766e+00
-1.601942132322384804e-01 2.390747262949825114e+01 -4.055766991784440556e+00
-1.492503439213768157e-01 2.385366155851745162e+01 -4.398405635926118329e+00
-1.383064746105151510e-01 2.380654627932431566e+01 -4.716784792454185471e+00
-1.273626052996534863e-01 2.375280327454257900e+01 -4.878359307548746138e+00
-1.164187359887918216e-01 2.369793529685613720e+01 -5.009131567910725558e+00
-1.054748666779301569e-01 2.363427010351948354e+01 -5.245476822031147179e+00
-9.453099736706849221e-02 2.357014690516325572e+01 -5.254427037744725304e+00
-8.358712805620682751e-02 2.351122545844805245e+01 -5.387676913787770694e+00
-7.264325874534516281e-02 2.344946423151510828e+01 -5.360175638911847784e+00
-6.169938943448394220e-02 2.339505763780757519e+01 -5.398993975355613095e+00
-5.075552012362227750e-02 2.333341450136362738e+01 -5.255728908544363698e+00
-3.981165081276061279e-02 2.327862393047209366e+01 -5.192575172720899523e+00
-2.886778150189894809e-02 2.321692595898792177e+01 -5.381882808966994780e+00
-1.792391219103706135e-02 2.316619265778742687e+01 -5.449436371435626647e+00
-6.980042880175396647e-03 2.310707645209193117e+01 -5.699545917074499535e+00
3.963826430686268054e-03 2.305909000043521218e+01 -5.973529134610211067e+00
1.490769574154793276e-02 2.300187826439243821e+01 -6.235729453995103810e+00
2.585156505240959746e-02 2.292223923737096669e+01 -6.375221747538227568e+00
3.679543436327126216e-02 2.285308503684663606e+01 -6.606388826393882141e+00
4.773930367413248277e-02 2.277130678133039510e+01 -6.803905019049526715e+00
5.868317298499414747e-02 2.267967927962564545e+01 -7.119358021773770417e+00
6.962704229585581217e-02 2.259619384844796031e+01 -7.357285887561479498e+00
8.057091160671747687e-02 2.251923002265971263e+01 -7.262151651793743667e+00
9.151478091757936362e-02 2.244319809845951852e+01 -7.205290388233967391e+00
1.024586502284410283e-01 2.236246597877199349e+01 -7.112581897162365330e+00
1.134025195393026930e-01 2.227995676275995152e+01 -6.776493420005588852e+00
1.243463888501643577e-01 2.219670651203124123e+01 -6.526574465591077789e+00
1.352902581610260224e-01 2.212747885144208482e+01 -6.453093733315342639e+00
1.462341274718876871e-01 2.206454747329024002e+01 -6.557321338617039252e+00
1.571779967827489077e-01 2.199291511387695408e+01 -6.509635651981927396e+00
1.681218660936105724e-01 2.193806869588109976e+01 -6.555665831495270268e+00
1.790657354044722371e-01 2.188193406845761046e+01 -6.597379579640707981e+00
1.900096047153339018e-01 2.181301187797828334e+01 -6.664620226758609434e+00
2.009534740261955665e-01 2.172557342086803800e+01 -6.833117854598031116e+00
2.118973433370572312e-01 2.165005996040582659e+01 -6.875603960759526956e+00
2.228412126479188959e-01 2.156251326170428939e+01 -7.032392573221214249e+00
2.337850819587805606e-01 2.147469791289388752e+01 -7.083663947830467045e+00
2.447289512696422253e-01 2.139811152376036318e+01 -7.043353259716531589e+00
2.556728205805038900e-01 2.131673998542588322e+01 -6.759683370058558793e+00
2.666166898913651107e-01 2.124045800207900214e+01 -6.510310453491873872e+00
2.775605592022267754e-01 2.116845284324104171e+01 -6.105444809167278386e+00
2.885044285130884401e-01 2.110670714358643352e+01 -5.714220112243205918e+00
2.994482978239501048e-01 2.104219650213259740e+01 -5.471875960119361615e+00
3.103921671348117695e-01 2.098580250702077876e+01 -5.136743518856248691e+00
3.213360364456734342e-01 2.093758009264431053e+01 -4.888683074364053915e+00
3.322799057565350989e-01 2.089434136094224215e+01 -4.701753090638461252e+00
3.432237750673967636e-01 2.084934113167501124e+01 -4.626100385652144098e+00
3.541676443782584283e-01 2.079927656983245043e+01 -4.408163362930667795e+00
3.651115136891200930e-01 2.075458148788810320e+01 -4.250478104453659256e+00
3.760553829999813136e-01 2.070544691539839022e+01 -4.135593802327110602e+00
3.869992523108429783e-01 2.065389912968216635e+01 -4.135645442709148689e+00
3.979431216217046430e-01 2.060043276319139949e+01 -4.136046243564794445e+00
4.088869909325663077e-01 2.055977286468418441e+01 -4.056288134859340921e+00
4.198308602434279724e-01 2.052063573818258391e+01 -4.055747079008657607e+00
4.307747295542896371e-01 2.048498611168954397e+01 -4.024023591587147841e+00
4.417185988651513018e-01 2.044174172853153948e+01 -3.933923033575727590e+00
4.526624681760129665e-01 2.039669763614247699e+01 -3.914308718039906765e+00
4.636063374868746312e-01 2.035536169748144886e+01 -4.033618450436565084e+00
4.745502067977362959e-01 2.031072582798230997e+01 -4.104334809675174611e+00
4.854940761085975165e-01 2.026506303249685459e+01 -4.335122721986266470e+00
4.964379454194591812e-01 2.022337573409776468e+01 -4.365802224511019070e+00
5.073818147303208459e-01 2.017205593266544383e+01 -4.269581084766667090e+00
5.183256840411825106e-01 2.011833893296961406e+01 -4.263813007373139286e+00
5.292695533520443973e-01 2.007146270053154069e+01 -4.219600298104294822e+00
5.402134226629060620e-01 2.001055594652989811e+01 -4.098928147370314079e+00
5.511572919737677267e-01 1.996395403871036223e+01 -4.076583617354003763e+00
5.621011612846293914e-01 1.992944026210434316e+01 -3.872472745332574906e+00
5.730450305954910561e-01 1.988873557429501560e+01 -3.561320060063702275e+00
5.839888999063527208e-01 1.984893828591705045e+01 -3.317316470768686631e+00
5.949327692172139415e-01 1.981648169290253136e+01 -2.888081403392229962e+00
6.058766385280756062e-01 1.977723975066654560e+01 -2.616600293783136078e+00
6.168205078389372709e-01 1.974825757631751699e+01 -2.461002525267954155e+00
6.277643771497989356e-01 1.972859271985473839e+01 -2.228248809892806825e+00
6.387082464606608223e-01 1.970841992134292653e+01 -1.997169140556760425e+00
6.496521157715224870e-01 1.969448809215134943e+01 -1.857046563340741807e+00
6.605959850823841517e-01 1.967759672217111699e+01 -1.574158615353048241e+00
6.715398543932458164e-01 1.966011136200201648e+01 -1.430966284324996174e+00
6.824837237041074811e-01 1.964487893661951645e+01 -1.378623982868892872e+00
6.934275930149691458e-01 1.963037070525766126e+01 -1.300675609739692984e+00
7.043714623258303664e-01 1.961324894396867435e+01 -1.210944474301456575e+00
7.153153316366920311e-01 1.960496588905663629e+01 -1.135695307405068633e+00
7.262592009475536958e-01 1.959165449627849398e+01 -1.036429065281859296e+00
7.372030702584153605e-01 1.957771791288137564e+01 -8.893400110975813178e-01
7.481469395692770252e-01 1.956607568245476259e+01 -7.541712749880383759e-01
7.590908088801386899e-01 1.956196391145669722e+01 -6.224527416915416334e-01
7.700346781910003546e-01 1.955330771195911410e+01 -5.226156530433103686e-01
7.809785475018620193e-01 1.954668591959778468e+01 -3.313758341766418480e-01
7.919224168127236840e-01 1.954755072807579452e+01 -1.276233775112385616e-01
8.028662861235853487e-01 1.954783518654290830e+01 1.866338521976474568e-02
8.138101554344465693e-01 1.954512852939607370e+01 1.778305376690028639e-01
8.247540247453082340e-01 1.954777151498947418e+01 4.883581011163279917e-01
8.356978940561698987e-01 1.955538915805842493e+01 8.078624239057112799e-01
8.466417633670315634e-01 1.956375097723643819e+01 1.023825776503626495e+00
8.575856326778932281e-01 1.956811817894219274e+01 1.347790493482016627e+00
8.685295019887548928e-01 1.958142545309399196e+01 1.771489977099450552e+00
8.794733712996165576e-01 1.960675298431429425e+01 2.173665280433311420e+00
8.904172406104782223e-01 1.963509732748158143e+01 2.582978766940871029e+00
9.013611099213398870e-01 1.965959688302726249e+01 3.005541253825268377e+00
9.123049792322015517e-01 1.969533561673380007e+01 3.551458889492562498e+00
9.232488485430627723e-01 1.973899807734485279e+01 4.031160118390117120e+00
9.341927178539244370e-01 1.978565460253566499e+01 4.469445985632068741e+00
9.451365871647861017e-01 1.983806697863973767e+01 4.913611718645262805e+00
9.560804564756477664e-01 1.989267348413910241e+01 5.453321983781967752e+00
9.670243257865094311e-01 1.995678519843723819e+01 5.924747660110173619e+00
9.779681950973710958e-01 2.002259034816218275e+01 6.341658930545231776e+00
9.889120644082327605e-01 2.009588331190141730e+01 6.784332636785348924e+00
9.998559337190944252e-01 2.017283657241330985e+01 7.261515950853532964e+00
1.010799803029956090e+00 2.025640131403285693e+01 7.796342482867186341e+00
1.021743672340817755e+00 2.034373225765457960e+01 8.276261881586597369e+00
1.032687541651678975e+00 2.043302094284430126e+01 8.789801660757873947e+00
1.043631410962540640e+00 2.052812309991958983e+01 9.250371674994118720e+00
1.054575280273402305e+00 2.063275779428851564e+01 9.755314721068165440e+00
1.065519149584263969e+00 2.074589501649126788e+01 1.026648304378236531e+01
1.076463018895125856e+00 2.086252848258272508e+01 1.082191871329397692e+01
1.087406888205987521e+00 2.098453475459947981e+01 1.154176628854600928e+01
1.098350757516849185e+00 2.110823189878173878e+01 1.232049284963211910e+01
1.109294626827710850e+00 2.124044546635025199e+01 1.308929698479794368e+01
1.120238496138572515e+00 2.137995180116616467e+01 1.389299536240415911e+01
1.131182365449434180e+00 2.152806889856515227e+01 1.487155833673011252e+01
1.142126234760295400e+00 2.169613676162785509e+01 1.593093112108845411e+01
1.153070104071157065e+00 2.187646173583736697e+01 1.710892823380774530e+01
1.164013973382018730e+00 2.206523335001534747e+01 1.834656549285144678e+01
1.174957842692880394e+00 2.226632627231683870e+01 1.970076957153204233e+01
1.185901712003742281e+00 2.249005239144301527e+01 2.112556033451792814e+01
1.196845581314603946e+00 2.272799503649478225e+01 2.252398424536682953e+01
1.207789450625465610e+00 2.298061064517877128e+01 2.401961259086790079e+01
1.218733319936327275e+00 2.324826961691955773e+01 2.565915546342995412e+01
1.229677189247188940e+00 2.353597827630864003e+01 2.735398001867903872e+01
1.240621058558050605e+00 2.384002261276200585e+01 2.902761406217953777e+01
1.251564927868911825e+00 2.416113216103985195e+01 3.073035627405263881e+01
1.262508797179773490e+00 2.450513674675720210e+01 3.240443660782631952e+01
1.273452666490635155e+00 2.487333779020391944e+01 3.384162333728863814e+01
1.284396535801496819e+00 2.525991009688026168e+01 3.470899612015225699e+01
1.295340405112358484e+00 2.566679653846921383e+01 3.453964286486122148e+01
1.306284274423220149e+00 2.609108506588928122e+01 3.060618013073383636e+01
1.317228143734081813e+00 2.652690983846029837e+01 2.621562146845106156e+01
1.328172013044943478e+00 2.695185264762648814e+01 2.126443557186587441e+01
1.339115882355805143e+00 2.733448545081014203e+01 1.568291148268124324e+01
1.350059751666666807e+00 2.761999413117420232e+01 9.208227800024692655e+00
1.361003620977528028e+00 2.751063251559424572e+01 1.483073177994923553e+00
1.371947490288389693e+00 2.737414009929465664e+01 -8.189109050303496673e+00
1.382891359599251357e+00 2.720048982888128819e+01 -2.110258770474093737e+01
1.393835228910113022e+00 2.697622743368300036e+01 -4.147001944888693004e+01
1.404779098220974909e+00 2.667453295475034736e+01 -2.523787081495795803e+02
1.415722967531836574e+00 2.625339065627349555e+01 -2.513793954784390792e+02
1.426666836842698238e+00 2.563070444627113886e+01 -2.501321911083711313e+02
1.437610706153559903e+00 2.464241302800968469e+01 -2.485454555080014245e+02
1.448554575464421568e+00 2.279606071913504195e+01 -2.464962497944819404e+02
1.459498444775283232e+00 0.000000000000000000e+00 0.000000000000000000e+00
1.470442314086144453e+00 0.000000000000000000e+00 0.000000000000000000e+00
1.481386183397006118e+00 0.000000000000000000e+00 0.000000000000000000e+00
1.492330052707867782e+00 0.000000000000000000e+00 0.000000000000000000e+00
1.503273922018729447e+00 0.000000000000000000e+00 0.000000000000000000e+00
1.514217791329591112e+00 0.000000000000000000e+00 0.000000000000000000e+00
1.525161660640452777e+00 0.000000000000000000e+00 0.000000000000000000e+00
1.536105529951314441e+00 0.000000000000000000e+00 0.000000000000000000e+00
1.547049399262176106e+00 0.000000000000000000e+00 0.000000000000000000e+00
1.557993268573037771e+00 0.000000000000000000e+00 0.000000000000000000e+00
1.568937137883899435e+00 0.000000000000000000e+00 0.000000000000000000e+00
1.579881007194760656e+00 0.000000000000000000e+00 0.000000000000000000e+00
1.590824876505622321e+00 0.000000000000000000e+00 0.000000000000000000e+00
1.601768745816483985e+00 0.000000000000000000e+00 0.000000000000000000e+00
1.612712615127345650e+00 0.000000000000000000e+00 0.000000000000000000e+00
1.623656484438207315e+00 0.000000000000000000e+00 0.000000000000000000e+00
1.634600353749068979e+00 0.000000000000000000e+00 0.000000000000000000e+00
1.645544223059930644e+00 0.000000000000000000e+00 0.000000000000000000e+00
1.656488092370792309e+00 0.000000000000000000e+00 0.000000000000000000e+00
1.667431961681653974e+00 0.000000000000000000e+00 0.000000000000000000e+00
1.678375830992515638e+00 0.000000000000000000e+00 0.000000000000000000e+00
1.689319700303376859e+00 0.000000000000000000e+00 0.000000000000000000e+00
1.700263569614238524e+00 0.000000000000000000e+00 0.000000000000000000e+00
1.711207438925100188e+00 0.000000000000000000e+00 0.000000000000000000e+00
1.722151308235961853e+00 0.000000000000000000e+00 0.000000000000000000e+00
1.733095177546823518e+00 0.000000000000000000e+00 0.000000000000000000e+00
1.744039046857685182e+00 0.000000000000000000e+00 0.000000000000000000e+00
1.754982916168546847e+00 0.000000000000000000e+00 0.000000000000000000e+00
1.765926785479408512e+00 0.000000000000000000e+00 0.000000000000000000e+00
1.776870654790270176e+00 0.000000000000000000e+00 0.000000000000000000e+00
1.787814524101131841e+00 0.000000000000000000e+00 0.000000000000000000e+00
1.798758393411993062e+00 0.000000000000000000e+00 0.000000000000000000e+00
1.809702262722854726e+00 0.000000000000000000e+00 0.000000000000000000e+00
1.820646132033716391e+00 0.000000000000000000e+00 0.000000000000000000e+00
1.831590001344578056e+00 0.000000000000000000e+00 0.000000000000000000e+00
1.842533870655439721e+00 0.000000000000000000e+00 0.000000000000000000e+00
1.853477739966301385e+00 0.000000000000000000e+00 0.000000000000000000e+00
1.864421609277163050e+00 0.000000000000000000e+00 0.000000000000000000e+00
1.875365478588024715e+00 0.000000000000000000e+00 0.000000000000000000e+00
1.886309347898886379e+00 0.000000000000000000e+00 0.000000000000000000e+00
1.897253217209748044e+00 0.000000000000000000e+00 0.000000000000000000e+00
1.908197086520609265e+00 0.000000000000000000e+00 0.000000000000000000e+00
1.919140955831470929e+00 0.000000000000000000e+00 0.000000000000000000e+00
1.930084825142332594e+00 0.000000000000000000e+00 0.000000000000000000e+00
1.941028694453194259e+00 0.000000000000000000e+00 0.000000000000000000e+00
1.951972563764056368e+00 0.000000000000000000e+00 0.000000000000000000e+00
1.962916433074918032e+00 0.000000000000000000e+00 0.000000000000000000e+00
1.973860302385779697e+00 0.000000000000000000e+00 0.000000000000000000e+00
1.984804171696641362e+00 0.000000000000000000e+00 0.000000000000000000e+00
1.995748041007503026e+00 0.000000000000000000e+00 0.000000000000000000e+00
2.006691910318364691e+00 0.000000000000000000e+00 0.000000000000000000e+00
2.017635779629225912e+00 0.000000000000000000e+00 0.000000000000000000e+00
2.028579648940087576e+00 0.000000000000000000e+00 0.000000000000000000e+00
2.039523518250949241e+00 0.000000000000000000e+00 0.000000000000000000e+00
2.050467387561810906e+00 0.000000000000000000e+00 0.000000000000000000e+00
2.061411256872672570e+00 0.000000000000000000e+00 0.000000000000000000e+00
2.072355126183534235e+00 0.000000000000000000e+00 0.000000000000000000e+00
2.083298995494395900e+00 0.000000000000000000e+00 0.000000000000000000e+00
2.094242864805257565e+00 0.000000000000000000e+00 0.000000000000000000e+00
2.105186734116119229e+00 0.000000000000000000e+00 0.000000000000000000e+00
2.116130603426980894e+00 0.000000000000000000e+00 0.000000000000000000e+00
2.127074472737842115e+00 0.000000000000000000e+00 0.000000000000000000e+00
2.138018342048703779e+00 0.000000000000000000e+00 0.000000000000000000e+00
2.148962211359565444e+00 0.000000000000000000e+00 0.000000000000000000e+00
2.159906080670427109e+00 0.000000000000000000e+00 0.000000000000000000e+00
2.170849949981288773e+00 0.000000000000000000e+00 0.000000000000000000e+00
2.181793819292150438e+00 0.000000000000000000e+00 0.000000000000000000e+00
2.192737688603012103e+00 0.000000000000000000e+00 0.000000000000000000e+00
2.203681557913873768e+00 0.000000000000000000e+00 0.000000000000000000e+00
2.214625427224735432e+00 0.000000000000000000e+00 0.000000000000000000e+00
2.225569296535597097e+00 0.000000000000000000e+00 0.000000000000000000e+00
2.236513165846458318e+00 0.000000000000000000e+00 0.000000000000000000e+00
2.247457035157319982e+00 0.000000000000000000e+00 0.000000000000000000e+00
2.258400904468181647e+00 0.000000000000000000e+00 0.000000000000000000e+00
2.269344773779043312e+00 0.000000000000000000e+00 0.000000000000000000e+00
2.280288643089904976e+00 0.000000000000000000e+00 0.000000000000000000e+00
2.291232512400766641e+00 0.000000000000000000e+00 0.000000000000000000e+00
2.302176381711628306e+00 0.000000000000000000e+00 0.000000000000000000e+00
2.313120251022489970e+00 0.000000000000000000e+00 0.000000000000000000e+00
2.324064120333351635e+00 0.000000000000000000e+00 0.000000000000000000e+00
2.335007989644213300e+00 0.000000000000000000e+00 0.000000000000000000e+00
2.345951858955074520e+00 0.000000000000000000e+00 0.000000000000000000e+00
2.356895728265936185e+00 0.000000000000000000e+00 0.000000000000000000e+00
2.367839597576797850e+00 0.000000000000000000e+00 0.000000000000000000e+00
2.378783466887659515e+00 0.000000000000000000e+00 0.000000000000000000e+00
2.389727336198521179e+00 0.000000000000000000e+00 0.000000000000000000e+00
2.400671205509382844e+00 0.000000000000000000e+00 0.000000000000000000e+00
2.411615074820244509e+00 0.000000000000000000e+00 0.000000000000000000e+00
2.422558944131106173e+00 0.000000000000000000e+00 0.000000000000000000e+00
2.433502813441967838e+00 0.000000000000000000e+00 0.000000000000000000e+00
2.444446682752829503e+00 0.000000000000000000e+00 0.000000000000000000e+00
2.455390552063690723e+00 0.000000000000000000e+00 0.000000000000000000e+00
2.466334421374552388e+00 0.000000000000000000e+00 0.000000000000000000e+00
2.477278290685414053e+00 0.000000000000000000e+00 0.000000000000000000e+00
2.488222159996275717e+00 0.000000000000000000e+00 0.000000000000000000e+00
2.499166029307137382e+00 0.000000000000000000e+00 0.000000000000000000e+00
2.510109898617999047e+00 0.000000000000000000e+00 0.000000000000000000e+00
2.521053767928860712e+00 0.000000000000000000e+00 0.000000000000000000e+00
2.531997637239722376e+00 0.000000000000000000e+00 0.000000000000000000e+00
2.542941506550584041e+00 0.000000000000000000e+00 0.000000000000000000e+00
2.553885375861445706e+00 0.000000000000000000e+00 0.000000000000000000e+00
2.564829245172306926e+00 0.000000000000000000e+00 0.000000000000000000e+00
2.575773114483168591e+00 0.000000000000000000e+00 0.000000000000000000e+00
2.586716983794030256e+00 0.000000000000000000e+00 0.000000000000000000e+00
2.597660853104891920e+00 0.000000000000000000e+00 0.000000000000000000e+00
2.608604722415753585e+00 0.000000000000000000e+00 0.000000000000000000e+00
2.619548591726615250e+00 0.000000000000000000e+00 0.000000000000000000e+00
2.630492461037476914e+00 0.000000000000000000e+00 0.000000000000000000e+00
2.641436330348338579e+00 0.000000000000000000e+00 0.000000000000000000e+00
2.652380199659200244e+00 0.000000000000000000e+00 0.000000000000000000e+00
2.663324068970061909e+00 0.000000000000000000e+00 0.000000000000000000e+00
2.674267938280923129e+00 0.000000000000000000e+00 0.000000000000000000e+00
2.685211807591784794e+00 0.000000000000000000e+00 0.000000000000000000e+00
2.696155676902646459e+00 0.000000000000000000e+00 0.000000000000000000e+00
2.707099546213508123e+00 0.000000000000000000e+00 0.000000000000000000e+00
2.718043415524370232e+00 0.000000000000000000e+00 0.000000000000000000e+00
2.728987284835231897e+00 0.000000000000000000e+00 0.000000000000000000e+00
2.739931154146093562e+00 0.000000000000000000e+00 0.000000000000000000e+00
2.750875023456955226e+00 0.000000000000000000e+00 0.000000000000000000e+00
2.761818892767816891e+00 0.000000000000000000e+00 0.000000000000000000e+00
2.772762762078678556e+00 0.000000000000000000e+00 0.000000000000000000e+00
2.783706631389539776e+00 0.000000000000000000e+00 0.000000000000000000e+00
2.794650500700401441e+00 0.000000000000000000e+00 0.000000000000000000e+00
2.805594370011263106e+00 0.000000000000000000e+00 0.000000000000000000e+00
2.816538239322124770e+00 0.000000000000000000e+00 0.000000000000000000e+00
