#! FIELDS rc1 external1.bias der_rc1
#! SET min_rc1 0.09400467804957138
#! SET max_rc1 1.0749469958007638
#! SET nbins_rc1 600
#! SET periodic_rc1 false
9.400467804957138296e-02 0.000000000000000000e+00 0.000000000000000000e+00
9.564231130124281610e-02 0.000000000000000000e+00 0.000000000000000000e+00
9.727994455291427700e-02 0.000000000000000000e+00 0.000000000000000000e+00
9.891757780458571014e-02 0.000000000000000000e+00 0.000000000000000000e+00
1.005552110562571433e-01 0.000000000000000000e+00 0.000000000000000000e+00
1.021928443079285764e-01 0.000000000000000000e+00 0.000000000000000000e+00
1.038304775596000373e-01 0.000000000000000000e+00 0.000000000000000000e+00
1.054681108112714705e-01 0.000000000000000000e+00 0.000000000000000000e+00
1.071057440629429036e-01 0.000000000000000000e+00 0.000000000000000000e+00
1.087433773146143368e-01 0.000000000000000000e+00 0.000000000000000000e+00
1.103810105662857977e-01 0.000000000000000000e+00 0.000000000000000000e+00
1.120186438179572308e-01 0.000000000000000000e+00 0.000000000000000000e+00
1.136562770696286639e-01 0.000000000000000000e+00 0.000000000000000000e+00
1.152939103213001248e-01 0.000000000000000000e+00 0.000000000000000000e+00
1.169315435729715580e-01 0.000000000000000000e+00 0.000000000000000000e+00
1.185691768246429911e-01 0.000000000000000000e+00 0.000000000000000000e+00
1.202068100763144243e-01 0.000000000000000000e+00 0.000000000000000000e+00
1.218444433279858852e-01 0.000000000000000000e+00 0.000000000000000000e+00
1.234820765796573183e-01 0.000000000000000000e+00 0.000000000000000000e+00
1.251197098313287515e-01 0.000000000000000000e+00 0.000000000000000000e+00
1.267573430830001846e-01 0.000000000000000000e+00 0.000000000000000000e+00
1.283949763346716177e-01 0.000000000000000000e+00 0.000000000000000000e+00
1.300326095863430509e-01 0.000000000000000000e+00 0.000000000000000000e+00
1.316702428380145118e-01 0.000000000000000000e+00 0.000000000000000000e+00
1.333078760896859449e-01 0.000000000000000000e+00 0.000000000000000000e+00
1.349455093413573781e-01 0.000000000000000000e+00 0.000000000000000000e+00
1.365831425930288112e-01 0.000000000000000000e+00 0.000000000000000000e+00
1.382207758447002721e-01 0.000000000000000000e+00 0.000000000000000000e+00
1.398584090963717053e-01 0.000000000000000000e+00 0.000000000000000000e+00
1.414960423480431384e-01 0.000000000000000000e+00 0.000000000000000000e+00
1.431336755997145715e-01 0.000000000000000000e+00 0.000000000000000000e+00
1.447713088513860047e-01 0.000000000000000000e+00 0.000000000000000000e+00
1.464089421030574656e-01 0.000000000000000000e+00 0.000000000000000000e+00
1.480465753547288987e-01 0.000000000000000000e+00 0.000000000000000000e+00
1.496842086064003319e-01 0.000000000000000000e+00 0.000000000000000000e+00
1.513218418580717650e-01 0.000000000000000000e+00 0.000000000000000000e+00
1.529594751097432259e-01 0.000000000000000000e+00 0.000000000000000000e+00
1.545971083614146591e-01 0.000000000000000000e+00 0.000000000000000000e+00
1.562347416130860922e-01 0.000000000000000000e+00 0.000000000000000000e+00
1.578723748647575253e-01 0.000000000000000000e+00 0.000000000000000000e+00
1.595100081164289862e-01 0.000000000000000000e+00 0.000000000000000000e+00
1.611476413681004194e-01 0.000000000000000000e+00 0.000000000000000000e+00
1.627852746197718525e-01 0.000000000000000000e+00 0.000000000000000000e+00
1.644229078714433134e-01 0.000000000000000000e+00 0.000000000000000000e+00
1.660605411231147466e-01 0.000000000000000000e+00 0.000000000000000000e+00
1.676981743747861797e-01 0.000000000000000000e+00 0.000000000000000000e+00
1.693358076264576129e-01 0.000000000000000000e+00 0.000000000000000000e+00
1.709734408781290738e-01 0.000000000000000000e+00 0.000000000000000000e+00
1.726110741298005069e-01 0.000000000000000000e+00 0.000000000000000000e+00
1.742487073814719400e-01 0.000000000000000000e+00 0.000000000000000000e+00
1.758863406331433732e-01 0.000000000000000000e+00 0.000000000000000000e+00
1.775239738848148063e-01 0.000000000000000000e+00 0.000000000000000000e+00
1.791616071364862395e-01 0.000000000000000000e+00 0.000000000000000000e+00
1.807992403881577004e-01 0.000000000000000000e+00 0.000000000000000000e+00
1.824368736398291335e-01 0.000000000000000000e+00 0.000000000000000000e+00
1.840745068915005667e-01 0.000000000000000000e+00 0.000000000000000000e+00
1.857121401431720276e-01 0.000000000000000000e+00 0.000000000000000000e+00
1.873497733948434607e-01 0.000000000000000000e+00 0.000000000000000000e+00
1.889874066465148938e-01 0.000000000000000000e+00 0.000000000000000000e+00
1.906250398981863270e-01 0.000000000000000000e+00 0.000000000000000000e+00
1.922626731498577601e-01 0.000000000000000000e+00 0.000000000000000000e+00
1.939003064015291933e-01 0.000000000000000000e+00 0.000000000000000000e+00
1.955379396532006542e-01 0.000000000000000000e+00 0.000000000000000000e+00
1.971755729048720873e-01 0.000000000000000000e+00 0.000000000000000000e+00
1.988132061565435205e-01 0.000000000000000000e+00 0.000000000000000000e+00
2.004508394082149536e-01 0.000000000000000000e+00 0.000000000000000000e+00
2.020884726598864145e-01 0.000000000000000000e+00 0.000000000000000000e+00
2.037261059115578476e-01 0.000000000000000000e+00 0.000000000000000000e+00
2.053637391632292808e-01 0.000000000000000000e+00 0.000000000000000000e+00
2.070013724149007139e-01 0.000000000000000000e+00 0.000000000000000000e+00
2.086390056665721748e-01 0.000000000000000000e+00 0.000000000000000000e+00
2.102766389182436080e-01 0.000000000000000000e+00 0.000000000000000000e+00
2.119142721699150411e-01 0.000000000000000000e+00 0.000000000000000000e+00
2.135519054215865020e-01 0.000000000000000000e+00 0.000000000000000000e+00
2.151895386732579352e-01 0.000000000000000000e+00 0.000000000000000000e+00
2.168271719249293683e-01 0.000000000000000000e+00 0.000000000000000000e+00
2.184648051766008015e-01 0.000000000000000000e+00 0.000000000000000000e+00
2.201024384282722623e-01 0.000000000000000000e+00 0.000000000000000000e+00
2.217400716799436955e-01 0.000000000000000000e+00 0.000000000000000000e+00
2.233777049316151286e-01 0.000000000000000000e+00 0.000000000000000000e+00
2.250153381832865618e-01 0.000000000000000000e+00 0.000000000000000000e+00
2.266529714349579949e-01 0.000000000000000000e+00 0.000000000000000000e+00
2.282906046866294558e-01 0.000000000000000000e+00 0.000000000000000000e+00
2.299282379383008890e-01 0.000000000000000000e+00 0.000000000000000000e+00
2.315658711899723221e-01 0.000000000000000000e+00 0.000000000000000000e+00
2.332035044416437553e-01 0.000000000000000000e+00 0.000000000000000000e+00
2.348411376933151884e-01 0.000000000000000000e+00 0.000000000000000000e+00
2.364787709449866493e-01 0.000000000000000000e+00 0.000000000000000000e+00
2.381164041966580824e-01 0.000000000000000000e+00 0.000000000000000000e+00
2.397540374483295156e-01 0.000000000000000000e+00 0.000000000000000000e+00
2.413916707000009487e-01 0.000000000000000000e+00 0.000000000000000000e+00
2.430293039516723819e-01 0.000000000000000000e+00 0.000000000000000000e+00
2.446669372033438428e-01 0.000000000000000000e+00 0.000000000000000000e+00
2.463045704550152759e-01 0.000000000000000000e+00 0.000000000000000000e+00
2.479422037066867091e-01 0.000000000000000000e+00 0.000000000000000000e+00
2.495798369583581422e-01 0.000000000000000000e+00 0.000000000000000000e+00
2.512174702100296031e-01 0.000000000000000000e+00 0.000000000000000000e+00
2.528551034617010362e-01 0.000000000000000000e+00 0.000000000000000000e+00
2.544927367133724694e-01 0.000000000000000000e+00 0.000000000000000000e+00
2.561303699650439025e-01 0.000000000000000000e+00 0.000000000000000000e+00
2.577680032167153357e-01 0.000000000000000000e+00 0.000000000000000000e+00
2.594056364683867688e-01 0.000000000000000000e+00 0.000000000000000000e+00
2.610432697200582020e-01 0.000000000000000000e+00 0.000000000000000000e+00
2.626809029717296906e-01 0.000000000000000000e+00 0.000000000000000000e+00
2.643185362234011238e-01 0.000000000000000000e+00 0.000000000000000000e+00
2.659561694750725569e-01 0.000000000000000000e+00 0.000000000000000000e+00
2.675938027267440456e-01 0.000000000000000000e+00 0.000000000000000000e+00
2.692314359784154787e-01 0.000000000000000000e+00 0.000000000000000000e+00
2.708690692300869118e-01 0.000000000000000000e+00 0.000000000000000000e+00
2.725067024817583450e-01 0.000000000000000000e+00 0.000000000000000000e+00
2.741443357334297781e-01 0.000000000000000000e+00 0.000000000000000000e+00
2.757819689851012113e-01 0.000000000000000000e+00 0.000000000000000000e+00
2.774196022367726444e-01 0.000000000000000000e+00 0.000000000000000000e+00
2.790572354884440776e-01 0.000000000000000000e+00 0.000000000000000000e+00
2.806948687401155107e-01 0.000000000000000000e+00 0.000000000000000000e+00
2.823325019917869438e-01 0.000000000000000000e+00 0.000000000000000000e+00
2.839701352434583770e-01 0.000000000000000000e+00 0.000000000000000000e+00
2.856077684951298101e-01 0.000000000000000000e+00 0.000000000000000000e+00
2.872454017468012433e-01 0.000000000000000000e+00 0.000000000000000000e+00
2.888830349984726764e-01 0.000000000000000000e+00 0.000000000000000000e+00
2.905206682501441651e-01 0.000000000000000000e+00 0.000000000000000000e+00
2.921583015018155982e-01 0.000000000000000000e+00 0.000000000000000000e+00
2.937959347534870314e-01 0.000000000000000000e+00 0.000000000000000000e+00
2.954335680051584645e-01 0.000000000000000000e+00 0.000000000000000000e+00
2.970712012568298976e-01 0.000000000000000000e+00 0.000000000000000000e+00
2.987088345085013308e-01 0.000000000000000000e+00 0.000000000000000000e+00
3.003464677601728194e-01 0.000000000000000000e+00 0.000000000000000000e+00
3.019841010118442526e-01 0.000000000000000000e+00 0.000000000000000000e+00
3.036217342635156857e-01 0.000000000000000000e+00 0.000000000000000000e+00
3.052593675151871189e-01 0.000000000000000000e+00 0.000000000000000000e+00
3.068970007668585520e-01 0.000000000000000000e+00 0.000000000000000000e+00
3.085346340185299852e-01 0.000000000000000000e+00 0.000000000000000000e+00
3.101722672702014183e-01 0.000000000000000000e+00 0.000000000000000000e+00
3.118099005218728514e-01 0.000000000000000000e+00 0.000000000000000000e+00
3.134475337735442846e-01 0.000000000000000000e+00 0.000000000000000000e+00
3.150851670252157177e-01 0.000000000000000000e+00 0.000000000000000000e+00
3.167228002768871509e-01 0.000000000000000000e+00 0.000000000000000000e+00
3.183604335285586395e-01 0.000000000000000000e+00 0.000000000000000000e+00
3.199980667802300727e-01 0.000000000000000000e+00 0.000000000000000000e+00
3.216357000319015058e-01 0.000000000000000000e+00 0.000000000000000000e+00
3.232733332835729390e-01 0.000000000000000000e+00 0.000000000000000000e+00
3.249109665352443721e-01 0.000000000000000000e+00 0.000000000000000000e+00
3.265485997869158608e-01 0.000000000000000000e+00 0.000000000000000000e+00
3.281862330385872939e-01 0.000000000000000000e+00 0.000000000000000000e+00
3.298238662902587270e-01 0.000000000000000000e+00 0.000000000000000000e+00
3.314614995419301602e-01 0.000000000000000000e+00 0.000000000000000000e+00
3.330991327936015933e-01 0.000000000000000000e+00 0.000000000000000000e+00
3.347367660452730265e-01 0.000000000000000000e+00 0.000000000000000000e+00
3.363743992969444596e-01 0.000000000000000000e+00 0.000000000000000000e+00
3.380120325486158928e-01 0.000000000000000000e+00 0.000000000000000000e+00
3.396496658002873259e-01 0.000000000000000000e+00 0.000000000000000000e+00
3.412872990519587590e-01 0.000000000000000000e+00 0.000000000000000000e+00
3.429249323036301922e-01 0.000000000000000000e+00 0.000000000000000000e+00
3.445625655553016808e-01 0.000000000000000000e+00 0.000000000000000000e+00
3.462001988069731140e-01 0.000000000000000000e+00 0.000000000000000000e+00
3.478378320586445471e-01 0.000000000000000000e+00 0.000000000000000000e+00
3.494754653103160358e-01 0.000000000000000000e+00 0.000000000000000000e+00
3.511130985619874689e-01 0.000000000000000000e+00 0.000000000000000000e+00
3.527507318136589021e-01 0.000000000000000000e+00 0.000000000000000000e+00
3.543883650653303352e-01 0.000000000000000000e+00 0.000000000000000000e+00
3.560259983170017684e-01 0.000000000000000000e+00 0.000000000000000000e+00
3.576636315686732015e-01 0.000000000000000000e+00 0.000000000000000000e+00
3.593012648203446346e-01 0.000000000000000000e+00 0.000000000000000000e+00
3.609388980720160678e-01 0.000000000000000000e+00 0.000000000000000000e+00
3.625765313236875009e-01 0.000000000000000000e+00 0.000000000000000000e+00
3.642141645753589341e-01 0.000000000000000000e+00 0.000000000000000000e+00
3.658517978270303672e-01 0.000000000000000000e+00 0.000000000000000000e+00
3.674894310787018004e-01 0.000000000000000000e+00 0.000000000000000000e+00
3.691270643303732335e-01 0.000000000000000000e+00 0.000000000000000000e+00
3.707646975820446666e-01 0.000000000000000000e+00 0.000000000000000000e+00
3.724023308337160998e-01 0.000000000000000000e+00 0.000000000000000000e+00
3.740399640853875329e-01 0.000000000000000000e+00 0.000000000000000000e+00
3.756775973370589661e-01 0.000000000000000000e+00 0.000000000000000000e+00
3.773152305887304547e-01 0.000000000000000000e+00 0.000000000000000000e+00
3.789528638404018879e-01 0.000000000000000000e+00 0.000000000000000000e+00
3.805904970920733210e-01 0.000000000000000000e+00 0.000000000000000000e+00
3.822281303437448097e-01 0.000000000000000000e+00 0.000000000000000000e+00
3.838657635954162428e-01 0.000000000000000000e+00 0.000000000000000000e+00
3.855033968470876760e-01 0.000000000000000000e+00 0.000000000000000000e+00
3.871410300987591091e-01 0.000000000000000000e+00 0.000000000000000000e+00
3.887786633504305422e-01 0.000000000000000000e+00 0.000000000000000000e+00
3.904162966021019754e-01 0.000000000000000000e+00 0.000000000000000000e+00
3.920539298537734085e-01 0.000000000000000000e+00 0.000000000000000000e+00
3.936915631054448972e-01 0.000000000000000000e+00 0.000000000000000000e+00
3.953291963571163303e-01 0.000000000000000000e+00 0.000000000000000000e+00
3.969668296087877635e-01 0.000000000000000000e+00 0.000000000000000000e+00
3.986044628604591966e-01 0.000000000000000000e+00 0.000000000000000000e+00
4.002420961121306298e-01 0.000000000000000000e+00 0.000000000000000000e+00
4.018797293638020629e-01 0.000000000000000000e+00 0.000000000000000000e+00
4.035173626154734960e-01 0.000000000000000000e+00 0.000000000000000000e+00
4.051549958671449847e-01 0.000000000000000000e+00 0.000000000000000000e+00
4.067926291188164178e-01 0.000000000000000000e+00 0.000000000000000000e+00
4.084302623704878510e-01 0.000000000000000000e+00 0.000000000000000000e+00
4.100678956221592841e-01 0.000000000000000000e+00 0.000000000000000000e+00
4.117055288738307173e-01 0.000000000000000000e+00 0.000000000000000000e+00
4.133431621255021504e-01 0.000000000000000000e+00 0.000000000000000000e+00
4.149807953771735836e-01 0.000000000000000000e+00 0.000000000000000000e+00
4.166184286288450167e-01 0.000000000000000000e+00 0.000000000000000000e+00
4.182560618805164498e-01 0.000000000000000000e+00 0.000000000000000000e+00
4.198936951321878830e-01 0.000000000000000000e+00 0.000000000000000000e+00
4.215313283838593161e-01 0.000000000000000000e+00 0.000000000000000000e+00
4.231689616355307493e-01 0.000000000000000000e+00 0.000000000000000000e+00
4.248065948872021824e-01 0.000000000000000000e+00 0.000000000000000000e+00
4.264442281388736711e-01 0.000000000000000000e+00 0.000000000000000000e+00
4.280818613905451042e-01 0.000000000000000000e+00 0.000000000000000000e+00
4.297194946422165374e-01 0.000000000000000000e+00 0.000000000000000000e+00
4.313571278938880260e-01 0.000000000000000000e+00 0.000000000000000000e+00
4.329947611455594592e-01 0.000000000000000000e+00 0.000000000000000000e+00
4.346323943972308923e-01 0.000000000000000000e+00 0.000000000000000000e+00
4.362700276489023254e-01 0.000000000000000000e+00 0.000000000000000000e+00
4.379076609005737586e-01 0.000000000000000000e+00 0.000000000000000000e+00
4.395452941522451917e-01 0.000000000000000000e+00 0.000000000000000000e+00
4.411829274039166249e-01 0.000000000000000000e+00 0.000000000000000000e+00
4.428205606555880580e-01 0.000000000000000000e+00 0.000000000000000000e+00
4.444581939072594912e-01 0.000000000000000000e+00 0.000000000000000000e+00
4.460958271589309243e-01 0.000000000000000000e+00 0.000000000000000000e+00
4.477334604106023574e-01 0.000000000000000000e+00 0.000000000000000000e+00
4.493710936622737906e-01 0.000000000000000000e+00 0.000000000000000000e+00
4.510087269139452237e-01 0.000000000000000000e+00 0.000000000000000000e+00
4.526463601656166569e-01 0.000000000000000000e+00 0.000000000000000000e+00
4.542839934172880900e-01 0.000000000000000000e+00 0.000000000000000000e+00
4.559216266689595232e-01 0.000000000000000000e+00 0.000000000000000000e+00
4.575592599206309563e-01 0.000000000000000000e+00 0.000000000000000000e+00
4.591968931723024450e-01 0.000000000000000000e+00 0.000000000000000000e+00
4.608345264239738781e-01 0.000000000000000000e+00 0.000000000000000000e+00
4.624721596756453112e-01 2.953499626081175222e-01 1.091898414501127093e+02
4.641097929273167999e-01 6.172037506396002016e-01 1.250537691239313460e+02
4.657474261789882330e-01 9.252696621389659981e-01 1.407060107551864405e+02
4.673850594306596662e-01 1.228942239999380348e+00 1.555274994405600069e+02
4.690226926823310993e-01 1.519462570985229632e+00 1.694691174057510636e+02
4.706603259340025325e-01 1.788129151034372200e+00 1.643344768480440052e+02
4.722979591856739656e-01 2.047922105641930557e+00 1.567793052755444592e+02
4.739355924373453988e-01 2.304248419227327815e+00 1.496102969981750732e+02
4.755732256890168319e-01 2.546971905540608816e+00 1.419836865615248485e+02
4.772108589406882651e-01 2.775285716632943434e+00 1.346630921837659400e+02
4.788484921923596982e-01 2.986545999431992726e+00 1.281128577161082376e+02
4.804861254440311313e-01 3.184673785571394689e+00 1.214398043661200006e+02
4.821237586957025645e-01 3.375337633705477458e+00 1.142523491039578403e+02
4.837613919473739976e-01 3.554114303079867199e+00 1.069729180512696871e+02
4.853990251990454308e-01 3.724750146315546573e+00 1.001254122293892976e+02
4.870366584507169194e-01 3.886147908659882688e+00 9.399384086935991434e+01
4.886742917023883526e-01 4.036660722706251647e+00 8.820185574029920872e+01
4.903119249540597857e-01 4.175282878969476030e+00 8.207463866699563937e+01
4.919495582057312189e-01 4.298795981831446511e+00 7.597956444006599952e+01
4.935871914574026520e-01 4.414972760674526597e+00 6.962880284027072264e+01
4.952248247090740851e-01 4.525820392031771888e+00 6.340256717472711756e+01
4.968624579607455738e-01 4.629096703765810616e+00 5.731073474444648497e+01
4.985000912124170069e-01 4.719419207705382036e+00 5.135062599593172195e+01
5.001377244640884401e-01 4.798380914825518317e+00 4.588763742723277517e+01
5.017753577157598732e-01 4.865014574368569100e+00 4.002431566030944765e+01
5.034129909674314174e-01 4.924449431126536325e+00 3.401962850270457039e+01
5.050506242191028505e-01 4.975200371658527132e+00 2.783332672896371207e+01
5.066882574707742837e-01 5.016217805220293258e+00 2.182724387079973383e+01
5.083258907224457168e-01 5.050267190746239976e+00 1.592765532254068006e+01
5.099635239741171500e-01 5.070424262681694216e+00 1.011496417238268286e+01
5.116011572257885831e-01 5.082937140487157279e+00 4.201516937050238099e+00
5.132387904774600162e-01 5.084904517325675499e+00 -2.130186610155794025e+00
5.148764237291314494e-01 5.076869411257014519e+00 -8.157807563982638399e+00
5.165140569808028825e-01 5.059217494599060672e+00 -1.432957903716229175e+01
5.181516902324743157e-01 5.030660591050160946e+00 -2.020943097669760036e+01
5.197893234841457488e-01 4.993254869562274934e+00 -2.629582955254831944e+01
5.214269567358171820e-01 4.940315727407963209e+00 -3.190463371365834178e+01
5.230645899874886151e-01 4.882622835945145567e+00 -3.729030635184597742e+01
5.247022232391600483e-01 4.815601239609129891e+00 -4.259760450772914453e+01
5.263398564908314814e-01 4.739467901033705743e+00 -4.756388409929161298e+01
5.279774897425029145e-01 4.652307891931780404e+00 -5.257960732295892825e+01
5.296151229941743477e-01 4.562423626806829446e+00 -5.672783514402294003e+01
5.312527562458457808e-01 4.466190954789038159e+00 -6.144679407015298978e+01
5.328903894975172140e-01 4.361624958764995341e+00 -6.571790295095856038e+01
5.345280227491886471e-01 4.251738609253695955e+00 -6.953852407955172055e+01
5.361656560008600803e-01 4.132193736443230847e+00 -7.316385986044089407e+01
5.378032892525315134e-01 4.011321836136083618e+00 -7.742276194417969748e+01
5.394409225042029465e-01 3.876349704166248245e+00 -8.156136456434060733e+01
5.410785557558743797e-01 3.739383008583061496e+00 -8.523150399232034147e+01
5.427161890075458128e-01 3.600681907985414654e+00 -8.891185447223350025e+01
5.443538222592172460e-01 3.454152194650905727e+00 -9.177856019967875056e+01
5.459914555108886791e-01 3.294522732846520086e+00 -9.496105976406954596e+01
5.476290887625601123e-01 3.130514928166430622e+00 -9.768344955513197192e+01
5.492667220142315454e-01 2.965845508487085169e+00 -1.010542401557396630e+02
5.509043552659029785e-01 2.795688515738678603e+00 -1.038378880378370468e+02
5.525419885175744117e-01 2.629197516708000393e+00 -1.060410874263373273e+02
5.541796217692458448e-01 2.456207945300096895e+00 -1.079471443350561088e+02
5.558172550209173890e-01 2.276653052871708383e+00 -1.098460491897246101e+02
5.574548882725888221e-01 2.084485169568754515e+00 -1.117569297201164886e+02
5.590925215242602553e-01 1.900198125644433134e+00 -1.133266121078484190e+02
5.607301547759316884e-01 1.717588086523221591e+00 -1.152720570665400146e+02
5.623677880276031216e-01 1.526744402985876548e+00 -1.163286328275793409e+02
5.640054212792746657e-01 1.331639500988135438e+00 -1.160507128435718727e+02
5.656430545309460989e-01 1.135676866343370506e+00 -1.142775106698254035e+02
5.672806877826175320e-01 9.398142328678389390e-01 -1.133777483479340020e+02
5.689183210342889652e-01 7.414639803006615182e-01 -1.048821514883096313e+02
5.705559542859603983e-01 5.511715729008805909e-01 -9.322852370916179154e+01
5.721935875376318315e-01 3.761679905436317028e-01 -8.131469002273621527e+01
5.738312207893032646e-01 2.130386556573178325e-01 -6.934866919588080236e+01
5.754688540409746977e-01 4.348641870229741357e-02 -5.738856559663908996e+01
5.771064872926461309e-01 0.000000000000000000e+00 0.000000000000000000e+00
5.787441205443175640e-01 0.000000000000000000e+00 0.000000000000000000e+00
5.803817537959889972e-01 0.000000000000000000e+00 0.000000000000000000e+00
5.820193870476604303e-01 0.000000000000000000e+00 0.000000000000000000e+00
5.836570202993318635e-01 0.000000000000000000e+00 0.000000000000000000e+00
5.852946535510032966e-01 0.000000000000000000e+00 0.000000000000000000e+00
5.869322868026747297e-01 0.000000000000000000e+00 0.000000000000000000e+00
5.885699200543461629e-01 0.000000000000000000e+00 0.000000000000000000e+00
5.902075533060175960e-01 0.000000000000000000e+00 0.000000000000000000e+00
5.918451865576890292e-01 0.000000000000000000e+00 0.000000000000000000e+00
5.934828198093604623e-01 0.000000000000000000e+00 0.000000000000000000e+00
5.951204530610318955e-01 0.000000000000000000e+00 0.000000000000000000e+00
5.967580863127033286e-01 0.000000000000000000e+00 0.000000000000000000e+00
5.983957195643747617e-01 0.000000000000000000e+00 0.000000000000000000e+00
6.000333528160461949e-01 0.000000000000000000e+00 0.000000000000000000e+00
6.016709860677176280e-01 0.000000000000000000e+00 0.000000000000000000e+00
6.033086193193890612e-01 0.000000000000000000e+00 0.000000000000000000e+00
6.049462525710604943e-01 0.000000000000000000e+00 0.000000000000000000e+00
6.065838858227319275e-01 0.000000000000000000e+00 0.000000000000000000e+00
6.082215190744033606e-01 0.000000000000000000e+00 0.000000000000000000e+00
6.098591523260747937e-01 0.000000000000000000e+00 0.000000000000000000e+00
6.114967855777462269e-01 0.000000000000000000e+00 0.000000000000000000e+00
6.131344188294177711e-01 0.000000000000000000e+00 0.000000000000000000e+00
6.147720520810892042e-01 0.000000000000000000e+00 0.000000000000000000e+00
6.164096853327606373e-01 0.000000000000000000e+00 0.000000000000000000e+00
6.180473185844321815e-01 0.000000000000000000e+00 0.000000000000000000e+00
6.196849518361036147e-01 0.000000000000000000e+00 0.000000000000000000e+00
6.213225850877750478e-01 0.000000000000000000e+00 0.000000000000000000e+00
6.229602183394464809e-01 0.000000000000000000e+00 0.000000000000000000e+00
6.245978515911179141e-01 0.000000000000000000e+00 0.000000000000000000e+00
6.262354848427893472e-01 0.000000000000000000e+00 0.000000000000000000e+00
6.278731180944607804e-01 0.000000000000000000e+00 0.000000000000000000e+00
6.295107513461322135e-01 0.000000000000000000e+00 0.000000000000000000e+00
6.311483845978036467e-01 0.000000000000000000e+00 0.000000000000000000e+00
6.327860178494750798e-01 0.000000000000000000e+00 0.000000000000000000e+00
6.344236511011465129e-01 0.000000000000000000e+00 0.000000000000000000e+00
6.360612843528179461e-01 0.000000000000000000e+00 0.000000000000000000e+00
6.376989176044893792e-01 0.000000000000000000e+00 0.000000000000000000e+00
6.393365508561608124e-01 0.000000000000000000e+00 0.000000000000000000e+00
6.409741841078322455e-01 0.000000000000000000e+00 0.000000000000000000e+00
6.426118173595036787e-01 0.000000000000000000e+00 0.000000000000000000e+00
6.442494506111751118e-01 0.000000000000000000e+00 0.000000000000000000e+00
6.458870838628465449e-01 0.000000000000000000e+00 0.000000000000000000e+00
6.475247171145179781e-01 0.000000000000000000e+00 0.000000000000000000e+00
6.491623503661894112e-01 0.000000000000000000e+00 0.000000000000000000e+00
6.507999836178608444e-01 0.000000000000000000e+00 0.000000000000000000e+00
6.524376168695322775e-01 0.000000000000000000e+00 0.000000000000000000e+00
6.540752501212037107e-01 0.000000000000000000e+00 0.000000000000000000e+00
6.557128833728751438e-01 0.000000000000000000e+00 0.000000000000000000e+00
6.573505166245465769e-01 0.000000000000000000e+00 0.000000000000000000e+00
6.589881498762180101e-01 0.000000000000000000e+00 0.000000000000000000e+00
6.606257831278894432e-01 0.000000000000000000e+00 0.000000000000000000e+00
6.622634163795609874e-01 0.000000000000000000e+00 0.000000000000000000e+00
6.639010496312324205e-01 0.000000000000000000e+00 0.000000000000000000e+00
6.655386828829038537e-01 0.000000000000000000e+00 0.000000000000000000e+00
6.671763161345752868e-01 0.000000000000000000e+00 0.000000000000000000e+00
6.688139493862467200e-01 0.000000000000000000e+00 0.000000000000000000e+00
6.704515826379181531e-01 0.000000000000000000e+00 0.000000000000000000e+00
6.720892158895895863e-01 0.000000000000000000e+00 0.000000000000000000e+00
6.737268491412610194e-01 0.000000000000000000e+00 0.000000000000000000e+00
6.753644823929324525e-01 0.000000000000000000e+00 0.000000000000000000e+00
6.770021156446038857e-01 0.000000000000000000e+00 0.000000000000000000e+00
6.786397488962754299e-01 0.000000000000000000e+00 0.000000000000000000e+00
6.802773821479468630e-01 0.000000000000000000e+00 0.000000000000000000e+00
6.819150153996182961e-01 0.000000000000000000e+00 0.000000000000000000e+00
6.835526486512897293e-01 0.000000000000000000e+00 0.000000000000000000e+00
6.851902819029611624e-01 0.000000000000000000e+00 0.000000000000000000e+00
6.868279151546325956e-01 0.000000000000000000e+00 0.000000000000000000e+00
6.884655484063040287e-01 0.000000000000000000e+00 0.000000000000000000e+00
6.901031816579754619e-01 0.000000000000000000e+00 0.000000000000000000e+00
6.917408149096468950e-01 0.000000000000000000e+00 0.000000000000000000e+00
6.933784481613183281e-01 0.000000000000000000e+00 0.000000000000000000e+00
6.950160814129897613e-01 0.000000000000000000e+00 0.000000000000000000e+00
6.966537146646611944e-01 0.000000000000000000e+00 0.000000000000000000e+00
6.982913479163326276e-01 0.000000000000000000e+00 0.000000000000000000e+00
6.999289811680040607e-01 0.000000000000000000e+00 0.000000000000000000e+00
7.015666144196754939e-01 0.000000000000000000e+00 0.000000000000000000e+00
7.032042476713469270e-01 0.000000000000000000e+00 0.000000000000000000e+00
7.048418809230183601e-01 0.000000000000000000e+00 0.000000000000000000e+00
7.064795141746897933e-01 0.000000000000000000e+00 0.000000000000000000e+00
7.081171474263612264e-01 0.000000000000000000e+00 0.000000000000000000e+00
7.097547806780326596e-01 0.000000000000000000e+00 0.000000000000000000e+00
7.113924139297042037e-01 0.000000000000000000e+00 0.000000000000000000e+00
7.130300471813756369e-01 0.000000000000000000e+00 0.000000000000000000e+00
7.146676804330470700e-01 0.000000000000000000e+00 0.000000000000000000e+00
7.163053136847185032e-01 0.000000000000000000e+00 0.000000000000000000e+00
7.179429469363899363e-01 0.000000000000000000e+00 0.000000000000000000e+00
7.195805801880613695e-01 0.000000000000000000e+00 0.000000000000000000e+00
7.212182134397328026e-01 0.000000000000000000e+00 0.000000000000000000e+00
7.228558466914042357e-01 0.000000000000000000e+00 0.000000000000000000e+00
7.244934799430756689e-01 0.000000000000000000e+00 0.000000000000000000e+00
7.261311131947471020e-01 0.000000000000000000e+00 0.000000000000000000e+00
7.277687464464186462e-01 0.000000000000000000e+00 0.000000000000000000e+00
7.294063796980900793e-01 0.000000000000000000e+00 0.000000000000000000e+00
7.310440129497615125e-01 0.000000000000000000e+00 0.000000000000000000e+00
7.326816462014329456e-01 0.000000000000000000e+00 0.000000000000000000e+00
7.343192794531043788e-01 0.000000000000000000e+00 0.000000000000000000e+00
7.359569127047758119e-01 0.000000000000000000e+00 0.000000000000000000e+00
7.375945459564472451e-01 0.000000000000000000e+00 0.000000000000000000e+00
7.392321792081186782e-01 0.000000000000000000e+00 0.000000000000000000e+00
7.408698124597901113e-01 0.000000000000000000e+00 0.000000000000000000e+00
7.425074457114615445e-01 0.000000000000000000e+00 0.000000000000000000e+00
7.441450789631329776e-01 0.000000000000000000e+00 0.000000000000000000e+00
7.457827122148044108e-01 0.000000000000000000e+00 0.000000000000000000e+00
7.474203454664758439e-01 0.000000000000000000e+00 0.000000000000000000e+00
7.490579787181472771e-01 0.000000000000000000e+00 0.000000000000000000e+00
7.506956119698187102e-01 0.000000000000000000e+00 0.000000000000000000e+00
7.523332452214901434e-01 0.000000000000000000e+00 0.000000000000000000e+00
7.539708784731615765e-01 0.000000000000000000e+00 0.000000000000000000e+00
7.556085117248330096e-01 0.000000000000000000e+00 0.000000000000000000e+00
7.572461449765044428e-01 0.000000000000000000e+00 0.000000000000000000e+00
7.588837782281758759e-01 0.000000000000000000e+00 0.000000000000000000e+00
7.605214114798473091e-01 0.000000000000000000e+00 0.000000000000000000e+00
7.621590447315187422e-01 0.000000000000000000e+00 0.000000000000000000e+00
7.637966779831901754e-01 0.000000000000000000e+00 0.000000000000000000e+00
7.654343112348616085e-01 0.000000000000000000e+00 0.000000000000000000e+00
7.670719444865330416e-01 0.000000000000000000e+00 0.000000000000000000e+00
7.687095777382044748e-01 0.000000000000000000e+00 0.000000000000000000e+00
7.703472109898759079e-01 0.000000000000000000e+00 0.000000000000000000e+00
7.719848442415473411e-01 0.000000000000000000e+00 0.000000000000000000e+00
7.736224774932187742e-01 0.000000000000000000e+00 0.000000000000000000e+00
7.752601107448902074e-01 0.000000000000000000e+00 0.000000000000000000e+00
7.768977439965617515e-01 0.000000000000000000e+00 0.000000000000000000e+00
7.785353772482331847e-01 0.000000000000000000e+00 0.000000000000000000e+00
7.801730104999046178e-01 0.000000000000000000e+00 0.000000000000000000e+00
7.818106437515761620e-01 0.000000000000000000e+00 0.000000000000000000e+00
7.834482770032475951e-01 0.000000000000000000e+00 0.000000000000000000e+00
7.850859102549190283e-01 0.000000000000000000e+00 0.000000000000000000e+00
7.867235435065904614e-01 0.000000000000000000e+00 0.000000000000000000e+00
7.883611767582618945e-01 0.000000000000000000e+00 0.000000000000000000e+00
7.899988100099333277e-01 0.000000000000000000e+00 0.000000000000000000e+00
7.916364432616047608e-01 0.000000000000000000e+00 0.000000000000000000e+00
7.932740765132761940e-01 0.000000000000000000e+00 0.000000000000000000e+00
7.949117097649476271e-01 0.000000000000000000e+00 0.000000000000000000e+00
7.965493430166190603e-01 0.000000000000000000e+00 0.000000000000000000e+00
7.981869762682904934e-01 0.000000000000000000e+00 0.000000000000000000e+00
7.998246095199619266e-01 0.000000000000000000e+00 0.000000000000000000e+00
8.014622427716333597e-01 0.000000000000000000e+00 0.000000000000000000e+00
8.030998760233047928e-01 0.000000000000000000e+00 0.000000000000000000e+00
8.047375092749762260e-01 0.000000000000000000e+00 0.000000000000000000e+00
8.063751425266476591e-01 0.000000000000000000e+00 0.000000000000000000e+00
8.080127757783190923e-01 0.000000000000000000e+00 0.000000000000000000e+00
8.096504090299905254e-01 0.000000000000000000e+00 0.000000000000000000e+00
8.112880422816619586e-01 0.000000000000000000e+00 0.000000000000000000e+00
8.129256755333333917e-01 0.000000000000000000e+00 0.000000000000000000e+00
8.145633087850048248e-01 0.000000000000000000e+00 0.000000000000000000e+00
8.162009420366762580e-01 0.000000000000000000e+00 0.000000000000000000e+00
8.178385752883476911e-01 0.000000000000000000e+00 0.000000000000000000e+00
8.194762085400191243e-01 0.000000000000000000e+00 0.000000000000000000e+00
8.211138417916905574e-01 0.000000000000000000e+00 0.000000000000000000e+00
8.227514750433619906e-01 0.000000000000000000e+00 0.000000000000000000e+00
8.243891082950334237e-01 0.000000000000000000e+00 0.000000000000000000e+00
8.260267415467049679e-01 0.000000000000000000e+00 0.000000000000000000e+00
8.276643747983764010e-01 0.000000000000000000e+00 0.000000000000000000e+00
8.293020080500478342e-01 0.000000000000000000e+00 0.000000000000000000e+00
8.309396413017192673e-01 0.000000000000000000e+00 0.000000000000000000e+00
8.325772745533907004e-01 0.000000000000000000e+00 0.000000000000000000e+00
8.342149078050621336e-01 0.000000000000000000e+00 0.000000000000000000e+00
8.358525410567335667e-01 0.000000000000000000e+00 0.000000000000000000e+00
8.374901743084049999e-01 0.000000000000000000e+00 0.000000000000000000e+00
8.391278075600764330e-01 0.000000000000000000e+00 0.000000000000000000e+00
8.407654408117478662e-01 0.000000000000000000e+00 0.000000000000000000e+00
8.424030740634194103e-01 0.000000000000000000e+00 0.000000000000000000e+00
8.440407073150908435e-01 0.000000000000000000e+00 0.000000000000000000e+00
8.456783405667622766e-01 0.000000000000000000e+00 0.000000000000000000e+00
8.473159738184337098e-01 0.000000000000000000e+00 0.000000000000000000e+00
8.489536070701051429e-01 0.000000000000000000e+00 0.000000000000000000e+00
8.505912403217765760e-01 0.000000000000000000e+00 0.000000000000000000e+00
8.522288735734480092e-01 0.000000000000000000e+00 0.000000000000000000e+00
8.538665068251194423e-01 0.000000000000000000e+00 0.000000000000000000e+00
8.555041400767908755e-01 0.000000000000000000e+00 0.000000000000000000e+00
8.571417733284623086e-01 0.000000000000000000e+00 0.000000000000000000e+00
8.587794065801337418e-01 0.000000000000000000e+00 0.000000000000000000e+00
8.604170398318051749e-01 0.000000000000000000e+00 0.000000000000000000e+00
8.620546730834766080e-01 0.000000000000000000e+00 0.000000000000000000e+00
8.636923063351480412e-01 0.000000000000000000e+00 0.000000000000000000e+00
8.653299395868194743e-01 0.000000000000000000e+00 0.000000000000000000e+00
8.669675728384909075e-01 0.000000000000000000e+00 0.000000000000000000e+00
8.686052060901623406e-01 0.000000000000000000e+00 0.000000000000000000e+00
8.702428393418337738e-01 0.000000000000000000e+00 0.000000000000000000e+00
8.718804725935052069e-01 0.000000000000000000e+00 0.000000000000000000e+00
8.735181058451766400e-01 0.000000000000000000e+00 0.000000000000000000e+00
8.751557390968480732e-01 0.000000000000000000e+00 0.000000000000000000e+00
8.767933723485195063e-01 0.000000000000000000e+00 0.000000000000000000e+00
8.784310056001909395e-01 0.000000000000000000e+00 0.000000000000000000e+00
8.800686388518623726e-01 0.000000000000000000e+00 0.000000000000000000e+00
8.817062721035338058e-01 0.000000000000000000e+00 0.000000000000000000e+00
8.833439053552052389e-01 0.000000000000000000e+00 0.000000000000000000e+00
8.849815386068766720e-01 0.000000000000000000e+00 0.000000000000000000e+00
8.866191718585481052e-01 0.000000000000000000e+00 0.000000000000000000e+00
8.882568051102195383e-01 0.000000000000000000e+00 0.000000000000000000e+00
8.898944383618909715e-01 0.000000000000000000e+00 0.000000000000000000e+00
8.915320716135625156e-01 0.000000000000000000e+00 0.000000000000000000e+00
8.931697048652339488e-01 0.000000000000000000e+00 0.000000000000000000e+00
8.948073381169053819e-01 0.000000000000000000e+00 0.000000000000000000e+00
8.964449713685769261e-01 0.000000000000000000e+00 0.000000000000000000e+00
8.980826046202483592e-01 0.000000000000000000e+00 0.000000000000000000e+00
8.997202378719197924e-01 0.000000000000000000e+00 0.000000000000000000e+00
9.013578711235912255e-01 0.000000000000000000e+00 0.000000000000000000e+00
9.029955043752626587e-01 0.000000000000000000e+00 0.000000000000000000e+00
9.046331376269340918e-01 0.000000000000000000e+00 0.000000000000000000e+00
9.062707708786055250e-01 0.000000000000000000e+00 0.000000000000000000e+00
9.079084041302769581e-01 0.000000000000000000e+00 0.000000000000000000e+00
9.095460373819483912e-01 0.000000000000000000e+00 0.000000000000000000e+00
9.111836706336198244e-01 0.000000000000000000e+00 0.000000000000000000e+00
9.128213038852912575e-01 0.000000000000000000e+00 0.000000000000000000e+00
9.144589371369626907e-01 0.000000000000000000e+00 0.000000000000000000e+00
9.160965703886341238e-01 0.000000000000000000e+00 0.000000000000000000e+00
9.177342036403055570e-01 0.000000000000000000e+00 0.000000000000000000e+00
9.193718368919769901e-01 0.000000000000000000e+00 0.000000000000000000e+00
9.210094701436484232e-01 0.000000000000000000e+00 0.000000000000000000e+00
9.226471033953198564e-01 0.000000000000000000e+00 0.000000000000000000e+00
9.242847366469912895e-01 0.000000000000000000e+00 0.000000000000000000e+00
9.259223698986627227e-01 0.000000000000000000e+00 0.000000000000000000e+00
9.275600031503341558e-01 0.000000000000000000e+00 0.000000000000000000e+00
9.291976364020055890e-01 0.000000000000000000e+00 0.000000000000000000e+00
9.308352696536770221e-01 0.000000000000000000e+00 0.000000000000000000e+00
9.324729029053484552e-01 0.000000000000000000e+00 0.000000000000000000e+00
9.341105361570198884e-01 0.000000000000000000e+00 0.000000000000000000e+00
9.357481694086913215e-01 0.000000000000000000e+00 0.000000000000000000e+00
9.373858026603627547e-01 0.000000000000000000e+00 0.000000000000000000e+00
9.390234359120341878e-01 0.000000000000000000e+00 0.000000000000000000e+00
9.406610691637057320e-01 0.000000000000000000e+00 0.000000000000000000e+00
9.422987024153771651e-01 0.000000000000000000e+00 0.000000000000000000e+00
9.439363356670485983e-01 0.000000000000000000e+00 0.000000000000000000e+00
9.455739689187200314e-01 0.000000000000000000e+00 0.000000000000000000e+00
9.472116021703914646e-01 0.000000000000000000e+00 0.000000000000000000e+00
9.488492354220628977e-01 0.000000000000000000e+00 0.000000000000000000e+00
9.504868686737343308e-01 0.000000000000000000e+00 0.000000000000000000e+00
9.521245019254057640e-01 0.000000000000000000e+00 0.000000000000000000e+00
9.537621351770771971e-01 0.000000000000000000e+00 0.000000000000000000e+00
9.553997684287486303e-01 0.000000000000000000e+00 0.000000000000000000e+00
9.570374016804201744e-01 0.000000000000000000e+00 0.000000000000000000e+00
9.586750349320916076e-01 0.000000000000000000e+00 0.000000000000000000e+00
9.603126681837630407e-01 0.000000000000000000e+00 0.000000000000000000e+00
9.619503014354344739e-01 0.000000000000000000e+00 0.000000000000000000e+00
9.635879346871059070e-01 0.000000000000000000e+00 0.000000000000000000e+00
9.652255679387773402e-01 0.000000000000000000e+00 0.000000000000000000e+00
9.668632011904487733e-01 0.000000000000000000e+00 0.000000000000000000e+00
9.685008344421202064e-01 0.000000000000000000e+00 0.000000000000000000e+00
9.701384676937916396e-01 0.000000000000000000e+00 0.000000000000000000e+00
9.717761009454630727e-01 0.000000000000000000e+00 0.000000000000000000e+00
9.734137341971345059e-01 0.000000000000000000e+00 0.000000000000000000e+00
9.750513674488059390e-01 0.000000000000000000e+00 0.000000000000000000e+00
9.766890007004773722e-01 0.000000000000000000e+00 0.000000000000000000e+00
9.783266339521488053e-01 0.000000000000000000e+00 0.000000000000000000e+00
9.799642672038202384e-01 0.000000000000000000e+00 0.000000000000000000e+00
9.816019004554916716e-01 0.000000000000000000e+00 0.000000000000000000e+00
9.832395337071631047e-01 0.000000000000000000e+00 0.000000000000000000e+00
9.848771669588345379e-01 0.000000000000000000e+00 0.000000000000000000e+00
9.865148002105059710e-01 0.000000000000000000e+00 0.000000000000000000e+00
9.881524334621774042e-01 0.000000000000000000e+00 0.000000000000000000e+00
9.897900667138489483e-01 0.000000000000000000e+00 0.000000000000000000e+00
9.914276999655203815e-01 0.000000000000000000e+00 0.000000000000000000e+00
9.930653332171918146e-01 0.000000000000000000e+00 0.000000000000000000e+00
9.947029664688631367e-01 0.000000000000000000e+00 0.000000000000000000e+00
9.963405997205347919e-01 0.000000000000000000e+00 0.000000000000000000e+00
9.979782329722062251e-01 0.000000000000000000e+00 0.000000000000000000e+00
9.996158662238776582e-01 0.000000000000000000e+00 0.000000000000000000e+00
1.001253499475549091e+00 0.000000000000000000e+00 0.000000000000000000e+00
1.002891132727220525e+00 0.000000000000000000e+00 0.000000000000000000e+00
1.004528765978891958e+00 0.000000000000000000e+00 0.000000000000000000e+00
1.006166399230563391e+00 0.000000000000000000e+00 0.000000000000000000e+00
1.007804032482234824e+00 0.000000000000000000e+00 0.000000000000000000e+00
1.009441665733906257e+00 0.000000000000000000e+00 0.000000000000000000e+00
1.011079298985577690e+00 0.000000000000000000e+00 0.000000000000000000e+00
1.012716932237249123e+00 0.000000000000000000e+00 0.000000000000000000e+00
1.014354565488920557e+00 0.000000000000000000e+00 0.000000000000000000e+00
1.015992198740591990e+00 0.000000000000000000e+00 0.000000000000000000e+00
1.017629831992263423e+00 0.000000000000000000e+00 0.000000000000000000e+00
1.019267465243934856e+00 0.000000000000000000e+00 0.000000000000000000e+00
1.020905098495606289e+00 0.000000000000000000e+00 0.000000000000000000e+00
1.022542731747277722e+00 0.000000000000000000e+00 0.000000000000000000e+00
1.024180364998949155e+00 0.000000000000000000e+00 0.000000000000000000e+00
1.025817998250620589e+00 0.000000000000000000e+00 0.000000000000000000e+00
1.027455631502292022e+00 0.000000000000000000e+00 0.000000000000000000e+00
1.029093264753963455e+00 0.000000000000000000e+00 0.000000000000000000e+00
1.030730898005634888e+00 0.000000000000000000e+00 0.000000000000000000e+00
1.032368531257306321e+00 0.000000000000000000e+00 0.000000000000000000e+00
1.034006164508977754e+00 0.000000000000000000e+00 0.000000000000000000e+00
1.035643797760649187e+00 0.000000000000000000e+00 0.000000000000000000e+00
1.037281431012320621e+00 0.000000000000000000e+00 0.000000000000000000e+00
1.038919064263992054e+00 0.000000000000000000e+00 0.000000000000000000e+00
1.040556697515663487e+00 0.000000000000000000e+00 0.000000000000000000e+00
1.042194330767334920e+00 0.000000000000000000e+00 0.000000000000000000e+00
1.043831964019006353e+00 0.000000000000000000e+00 0.000000000000000000e+00
1.045469597270677786e+00 0.000000000000000000e+00 0.000000000000000000e+00
1.047107230522349219e+00 0.000000000000000000e+00 0.000000000000000000e+00
1.048744863774020875e+00 0.000000000000000000e+00 0.000000000000000000e+00
1.050382497025692086e+00 0.000000000000000000e+00 0.000000000000000000e+00
1.052020130277363741e+00 0.000000000000000000e+00 0.000000000000000000e+00
1.053657763529034952e+00 0.000000000000000000e+00 0.000000000000000000e+00
1.055295396780706607e+00 0.000000000000000000e+00 0.000000000000000000e+00
1.056933030032377818e+00 0.000000000000000000e+00 0.000000000000000000e+00
1.058570663284049473e+00 0.000000000000000000e+00 0.000000000000000000e+00
1.060208296535720907e+00 0.000000000000000000e+00 0.000000000000000000e+00
1.061845929787392340e+00 0.000000000000000000e+00 0.000000000000000000e+00
1.063483563039063773e+00 0.000000000000000000e+00 0.000000000000000000e+00
1.065121196290735206e+00 0.000000000000000000e+00 0.000000000000000000e+00
1.066758829542406639e+00 0.000000000000000000e+00 0.000000000000000000e+00
1.068396462794078072e+00 0.000000000000000000e+00 0.000000000000000000e+00
1.070034096045749505e+00 0.000000000000000000e+00 0.000000000000000000e+00
1.071671729297420939e+00 0.000000000000000000e+00 0.000000000000000000e+00
1.073309362549092372e+00 0.000000000000000000e+00 0.000000000000000000e+00
1.074946995800763805e+00 0.000000000000000000e+00 0.000000000000000000e+00
